,0,1
0,0,15
1,1,15
2,2,15
3,3,15
4,4,15
5,5,15
6,6,15
7,7,15
8,8,15
9,9,15
10,10,15
11,11,15
12,12,15
13,13,15
14,14,15
15,15,15
16,16,15
17,17,15
18,18,15
19,19,15
20,20,15
21,21,15
22,22,15
23,23,15
24,24,15
25,25,15
26,26,15
27,27,15
28,28,15
29,29,15
30,30,15
31,31,15
32,32,15
33,33,15
34,34,15
35,35,15
36,36,15
37,37,15
38,38,15
39,39,15
40,40,15
41,41,15
42,42,15
43,43,15
44,44,15
45,45,15
46,46,15
47,47,15
48,48,15
49,49,15
50,50,15
51,51,15
52,52,15
53,53,15
54,54,15
55,55,15
56,56,15
57,57,15
58,58,15
59,59,15
60,60,15
61,61,15
62,62,15
63,63,15
64,64,15
65,65,15
66,66,15
67,67,15
68,68,15
69,69,15
70,70,15
71,71,15
72,72,15
73,73,15
74,74,15
75,75,15
76,76,15
77,77,15
78,78,15
79,79,15
80,80,15
81,81,15
82,82,15
83,83,15
84,84,15
85,85,15
86,86,15
87,87,15
88,88,15
89,89,15
90,90,15
91,91,15
92,92,15
93,93,15
94,94,15
95,95,15
96,96,15
97,97,15
98,98,15
99,99,15
100,100,15
101,101,15
102,102,15
103,103,15
104,104,15
105,105,15
106,106,15
107,107,15
108,108,15
109,109,15
110,110,15
111,111,15
112,112,15
113,113,15
114,114,15
115,115,15
116,116,15
117,117,15
118,118,15
119,119,15
120,120,15
121,121,15
122,122,15
123,123,15
124,124,15
125,125,15
126,126,15
127,127,15
128,128,15
129,129,15
130,130,15
131,131,15
132,132,15
133,133,15
134,134,15
135,135,15
136,136,15
137,137,15
138,138,15
139,139,15
140,140,15
141,141,15
142,142,15
143,143,15
144,144,15
145,145,15
146,146,15
147,147,15
148,148,15
149,149,15
150,150,15
151,151,15
152,152,15
153,153,15
154,154,15
155,155,15
156,156,15
157,157,15
158,158,15
159,159,15
160,160,15
161,161,15
162,162,15
163,163,15
164,164,15
165,165,15
166,166,15
167,167,15
168,168,15
169,169,15
170,170,15
171,171,15
172,172,15
173,173,15
174,174,15
175,175,15
176,176,15
177,177,15
178,178,15
179,179,15
180,180,15
181,181,15
182,182,15
183,183,15
184,184,15
185,185,15
186,186,15
187,187,15
188,188,15
189,189,15
190,190,15
191,191,15
192,192,15
193,193,15
194,194,15
195,195,15
196,196,15
197,197,15
198,198,15
199,199,15
200,200,15
201,201,15
202,202,15
203,203,15
204,204,15
205,205,15
206,206,15
207,207,15
208,208,15
209,209,15
210,210,15
211,211,15
212,212,15
213,213,15
214,214,15
215,215,15
216,216,15
217,217,15
218,218,15
219,219,15
220,220,15
221,221,15
222,222,15
223,223,15
224,224,15
225,225,15
226,226,15
227,227,15
228,228,15
229,229,15
230,230,15
231,231,15
232,232,15
233,233,15
234,234,15
235,235,15
236,236,15
237,237,15
238,238,15
239,239,15
240,240,15
241,241,15
242,242,15
243,243,15
244,244,15
245,245,15
246,246,15
247,247,15
248,248,15
249,249,15
250,250,15
251,251,15
252,252,15
253,253,15
254,254,15
255,255,15
256,256,15
257,257,15
258,258,15
259,259,15
260,260,15
261,261,15
262,262,15
263,263,15
264,264,15
265,265,15
266,266,15
267,267,15
268,268,15
269,269,15
270,270,15
271,271,15
272,272,15
273,273,15
274,274,15
275,275,15
276,276,15
277,277,15
278,278,15
279,279,15
280,280,15
281,281,15
282,282,15
283,283,15
284,284,15
285,285,15
286,286,15
287,287,15
288,288,15
289,289,15
290,290,15
291,291,15
292,292,15
293,293,15
294,294,15
295,295,15
296,296,15
297,297,15
298,298,15
299,299,15
300,300,15
301,301,15
302,302,15
303,303,15
304,304,15
305,305,15
306,306,15
307,307,15
308,308,15
309,309,15
310,310,15
311,311,15
312,312,15
313,313,15
314,314,15
315,315,15
316,316,15
317,317,15
318,318,15
319,319,15
320,320,15
321,321,15
322,322,15
323,323,15
324,324,15
325,325,15
326,326,15
327,327,15
328,328,15
329,329,15
330,330,15
331,331,15
332,332,15
333,333,15
334,334,15
335,335,15
336,336,15
337,337,15
338,338,15
339,339,15
340,340,15
341,341,15
342,342,15
343,343,15
344,344,15
345,345,15
346,346,15
347,347,15
348,348,15
349,349,15
350,350,15
351,351,15
352,352,15
353,353,15
354,354,15
355,355,15
356,356,15
357,357,15
358,358,15
359,359,7
360,360,7
361,361,7
362,362,7
363,363,7
364,364,7
365,365,7
366,366,7
367,367,7
368,368,7
369,369,7
370,370,7
371,371,7
372,372,7
373,373,7
374,374,7
375,375,7
376,376,7
377,377,7
378,378,7
379,379,7
380,380,7
381,381,7
382,382,7
383,383,7
384,384,7
385,385,7
386,386,7
387,387,7
388,388,7
389,389,7
390,390,7
391,391,7
392,392,7
393,393,7
394,394,7
395,395,7
396,396,7
397,397,7
398,398,7
399,399,7
400,400,7
401,401,7
402,402,7
403,403,7
404,404,7
405,405,7
406,406,7
407,407,7
408,408,7
409,409,7
410,410,7
411,411,7
412,412,7
413,413,7
414,414,7
415,415,7
416,416,7
417,417,7
418,418,7
419,419,7
420,420,7
421,421,7
422,422,7
423,423,7
424,424,7
425,425,7
426,426,7
427,427,7
428,428,7
429,429,7
430,430,7
431,431,7
432,432,7
433,433,7
434,434,7
435,435,7
436,436,7
437,437,7
438,438,7
439,439,7
440,440,7
441,441,7
442,442,7
443,443,7
444,444,7
445,445,7
446,446,7
447,447,7
448,448,7
449,449,7
450,450,7
451,451,7
452,452,7
453,453,7
454,454,7
455,455,7
456,456,7
457,457,7
458,458,7
459,459,7
460,460,7
461,461,7
462,462,7
463,463,7
464,464,7
465,465,7
466,466,7
467,467,7
468,468,7
469,469,7
470,470,7
471,471,7
472,472,7
473,473,7
474,474,7
475,475,7
476,476,7
477,477,7
478,478,7
479,479,7
480,480,7
481,481,7
482,482,7
483,483,7
484,484,7
485,485,7
486,486,7
487,487,7
488,488,7
489,489,7
490,490,7
491,491,7
492,492,7
493,493,7
494,494,7
495,495,7
496,496,7
497,497,7
498,498,7
499,499,7
500,500,7
501,501,7
502,502,7
503,503,7
504,504,7
505,505,7
506,506,7
507,507,7
508,508,7
509,509,7
510,510,7
511,511,7
512,512,7
513,513,7
514,514,7
515,515,7
516,516,7
517,517,7
518,518,7
519,519,7
520,520,7
521,521,7
522,522,7
523,523,7
524,524,7
525,525,7
526,526,7
527,527,7
528,528,7
529,529,7
530,530,7
531,531,7
532,532,7
533,533,7
534,534,7
535,535,7
536,536,7
537,537,7
538,538,7
539,539,7
540,540,7
541,541,7
542,542,7
543,543,7
544,544,7
545,545,7
546,546,7
547,547,7
548,548,7
549,549,7
550,550,7
551,551,7
552,552,7
553,553,7
554,554,7
555,555,7
556,556,7
557,557,7
558,558,7
559,559,7
560,560,7
561,561,7
562,562,7
563,563,7
564,564,7
565,565,7
566,566,7
567,567,7
568,568,7
569,569,7
570,570,7
571,571,7
572,572,7
573,573,7
574,574,7
575,575,7
576,576,7
577,577,7
578,578,7
579,579,7
580,580,7
581,581,7
582,582,7
583,583,7
584,584,7
585,585,7
586,586,7
587,587,7
588,588,7
589,589,7
590,590,7
591,591,7
592,592,7
593,593,7
594,594,7
595,595,7
596,596,7
597,597,7
598,598,7
599,599,7
600,600,7
601,601,7
602,602,7
603,603,7
604,604,7
605,605,7
606,606,7
607,607,7
608,608,7
609,609,7
610,610,7
611,611,7
612,612,7
613,613,7
614,614,7
615,615,7
616,616,7
617,617,7
618,618,7
619,619,7
620,620,7
621,621,7
622,622,7
623,623,7
624,624,7
625,625,7
626,626,7
627,627,7
628,628,7
629,629,7
630,630,7
631,631,7
632,632,7
633,633,7
634,634,7
635,635,7
636,636,7
637,637,7
638,638,7
639,639,7
640,640,7
641,641,7
642,642,7
643,643,7
644,644,7
645,645,7
646,646,7
647,647,7
648,648,7
649,649,7
650,650,7
651,651,7
652,652,7
653,653,7
654,654,7
655,655,7
656,656,7
657,657,7
658,658,7
659,659,7
660,660,7
661,661,7
662,662,7
663,663,7
664,664,7
665,665,7
666,666,7
667,667,7
668,668,7
669,669,7
670,670,7
671,671,7
672,672,7
673,673,7
674,674,7
675,675,7
676,676,7
677,677,7
678,678,7
679,679,7
680,680,7
681,681,7
682,682,7
683,683,7
684,684,7
685,685,7
686,686,7
687,687,7
688,688,7
689,689,7
690,690,7
691,691,7
692,692,7
693,693,7
694,694,7
695,695,7
696,696,7
697,697,7
698,698,7
699,699,7
700,700,7
701,701,7
702,702,7
703,703,7
704,704,7
705,705,7
706,706,7
707,707,7
708,708,7
709,709,7
710,710,7
711,711,7
712,712,7
713,713,7
714,714,7
715,715,7
716,716,7
717,717,7
718,718,7
719,719,7
720,720,7
721,721,7
722,722,7
723,723,7
724,724,7
725,725,7
726,726,7
727,727,7
728,728,7
729,729,7
730,730,7
731,731,7
732,732,7
733,733,7
734,734,7
735,735,7
736,736,7
737,737,7
738,738,7
739,739,7
740,740,7
741,741,7
742,742,7
743,743,7
744,744,7
745,745,7
746,746,7
747,747,7
748,748,7
749,749,7
750,750,7
751,751,7
752,752,7
753,753,7
754,754,7
755,755,7
756,756,7
757,757,7
758,758,7
759,759,7
760,760,7
761,761,7
762,762,7
763,763,7
764,764,7
765,765,7
766,766,7
767,767,7
768,768,7
769,769,7
770,770,7
771,771,7
772,772,7
773,773,7
774,774,7
775,775,7
776,776,7
777,777,7
778,778,7
779,779,7
780,780,7
781,781,7
782,782,7
783,783,7
784,784,7
785,785,7
786,786,7
787,787,7
788,788,7
789,789,7
790,790,7
791,791,7
792,792,7
793,793,7
794,794,7
795,795,7
796,796,7
797,797,7
798,798,7
799,799,7
800,800,7
801,801,7
802,802,7
803,803,7
804,804,7
805,805,7
806,806,7
807,807,7
808,808,7
809,809,7
810,810,7
811,811,7
812,812,7
813,813,7
814,814,7
815,815,7
816,816,7
817,817,7
818,818,7
819,819,7
820,820,7
821,821,7
822,822,7
823,823,7
824,824,7
825,825,7
826,826,7
827,827,7
828,828,7
829,829,7
830,830,7
831,831,7
832,832,7
833,833,7
834,834,7
835,835,7
836,836,7
837,837,7
838,838,7
839,839,7
840,840,7
841,841,7
842,842,7
843,843,7
844,844,7
845,845,7
846,846,7
847,847,7
848,848,7
849,849,7
850,850,7
851,851,7
852,852,7
853,853,7
854,854,7
855,855,7
856,856,7
857,857,7
858,858,7
859,859,7
860,860,7
861,861,7
862,862,7
863,863,7
864,864,7
865,865,7
866,866,7
867,867,7
868,868,7
869,869,7
870,870,7
871,871,14
872,872,14
873,873,14
874,874,14
875,875,14
876,876,14
877,877,14
878,878,14
879,879,14
880,880,14
881,881,14
882,882,14
883,883,14
884,884,14
885,885,14
886,886,14
887,887,14
888,888,14
889,889,14
890,890,14
891,891,14
892,892,14
893,893,14
894,894,14
895,895,14
896,896,14
897,897,14
898,898,14
899,899,14
900,900,14
901,901,14
902,902,14
903,903,14
904,904,14
905,905,14
906,906,14
907,907,14
908,908,14
909,909,14
910,910,14
911,911,14
912,912,14
913,913,14
914,914,14
915,915,14
916,916,14
917,917,14
918,918,14
919,919,14
920,920,14
921,921,14
922,922,14
923,923,14
924,924,14
925,925,14
926,926,14
927,927,14
928,928,14
929,929,14
930,930,14
931,931,14
932,932,14
933,933,14
934,934,14
935,935,14
936,936,14
937,937,14
938,938,14
939,939,14
940,940,14
941,941,14
942,942,14
943,943,14
944,944,14
945,945,14
946,946,14
947,947,14
948,948,14
949,949,14
950,950,14
951,951,14
952,952,14
953,953,14
954,954,14
955,955,14
956,956,14
957,957,14
958,958,14
959,959,14
960,960,14
961,961,14
962,962,14
963,963,14
964,964,14
965,965,14
966,966,14
967,967,14
968,968,14
969,969,14
970,970,14
971,971,14
972,972,14
973,973,14
974,974,14
975,975,14
976,976,14
977,977,14
978,978,14
979,979,14
980,980,14
981,981,14
982,982,14
983,983,14
984,984,14
985,985,14
986,986,14
987,987,14
988,988,14
989,989,14
990,990,14
991,991,14
992,992,14
993,993,14
994,994,14
995,995,14
996,996,14
997,997,14
998,998,14
999,999,14
1000,1000,14
1001,1001,14
1002,1002,14
1003,1003,14
1004,1004,14
1005,1005,14
1006,1006,14
1007,1007,14
1008,1008,14
1009,1009,14
1010,1010,14
1011,1011,14
1012,1012,14
1013,1013,14
1014,1014,14
1015,1015,14
1016,1016,14
1017,1017,14
1018,1018,14
1019,1019,14
1020,1020,14
1021,1021,14
1022,1022,14
1023,1023,14
1024,1024,14
1025,1025,14
1026,1026,14
1027,1027,14
1028,1028,14
1029,1029,14
1030,1030,14
1031,1031,14
1032,1032,14
1033,1033,14
1034,1034,14
1035,1035,14
1036,1036,14
1037,1037,14
1038,1038,14
1039,1039,14
1040,1040,14
1041,1041,14
1042,1042,14
1043,1043,14
1044,1044,14
1045,1045,14
1046,1046,14
1047,1047,14
1048,1048,14
1049,1049,14
1050,1050,14
1051,1051,14
1052,1052,14
1053,1053,14
1054,1054,14
1055,1055,14
1056,1056,14
1057,1057,14
1058,1058,14
1059,1059,14
1060,1060,14
1061,1061,14
1062,1062,14
1063,1063,14
1064,1064,14
1065,1065,14
1066,1066,14
1067,1067,14
1068,1068,14
1069,1069,14
1070,1070,14
1071,1071,14
1072,1072,14
1073,1073,14
1074,1074,14
1075,1075,14
1076,1076,14
1077,1077,14
1078,1078,14
1079,1079,14
1080,1080,14
1081,1081,14
1082,1082,14
1083,1083,14
1084,1084,14
1085,1085,14
1086,1086,14
1087,1087,14
1088,1088,14
1089,1089,14
1090,1090,14
1091,1091,14
1092,1092,14
1093,1093,14
1094,1094,14
1095,1095,14
1096,1096,14
1097,1097,14
1098,1098,14
1099,1099,14
1100,1100,14
1101,1101,14
1102,1102,14
1103,1103,14
1104,1104,14
1105,1105,14
1106,1106,14
1107,1107,14
1108,1108,14
1109,1109,14
1110,1110,14
1111,1111,14
1112,1112,14
1113,1113,14
1114,1114,14
1115,1115,14
1116,1116,14
1117,1117,14
1118,1118,14
1119,1119,14
1120,1120,14
1121,1121,14
1122,1122,14
1123,1123,14
1124,1124,14
1125,1125,14
1126,1126,14
1127,1127,14
1128,1128,14
1129,1129,14
1130,1130,14
1131,1131,14
1132,1132,14
1133,1133,14
1134,1134,14
1135,1135,14
1136,1136,14
1137,1137,14
1138,1138,14
1139,1139,14
1140,1140,14
1141,1141,14
1142,1142,14
1143,1143,14
1144,1144,14
1145,1145,14
1146,1146,14
1147,1147,14
1148,1148,14
1149,1149,14
1150,1150,14
1151,1151,14
1152,1152,14
1153,1153,14
1154,1154,14
1155,1155,14
1156,1156,14
1157,1157,14
1158,1158,14
1159,1159,14
1160,1160,14
1161,1161,14
1162,1162,14
1163,1163,14
1164,1164,14
1165,1165,14
1166,1166,14
1167,1167,14
1168,1168,14
1169,1169,14
1170,1170,14
1171,1171,14
1172,1172,14
1173,1173,14
1174,1174,14
1175,1175,14
1176,1176,14
1177,1177,14
1178,1178,14
1179,1179,14
1180,1180,14
1181,1181,14
1182,1182,14
1183,1183,14
1184,1184,14
1185,1185,14
1186,1186,14
1187,1187,14
1188,1188,14
1189,1189,14
1190,1190,14
1191,1191,14
1192,1192,14
1193,1193,14
1194,1194,14
1195,1195,14
1196,1196,14
1197,1197,14
1198,1198,14
1199,1199,14
1200,1200,14
1201,1201,14
1202,1202,14
1203,1203,14
1204,1204,14
1205,1205,14
1206,1206,14
1207,1207,14
1208,1208,14
1209,1209,14
1210,1210,14
1211,1211,14
1212,1212,14
1213,1213,14
1214,1214,14
1215,1215,14
1216,1216,14
1217,1217,14
1218,1218,14
1219,1219,14
1220,1220,14
1221,1221,14
1222,1222,14
1223,1223,14
1224,1224,14
1225,1225,14
1226,1226,14
1227,1227,14
1228,1228,14
1229,1229,14
1230,1230,14
1231,1231,14
1232,1232,14
1233,1233,14
1234,1234,14
1235,1235,14
1236,1236,14
1237,1237,14
1238,1238,14
1239,1239,14
1240,1240,14
1241,1241,14
1242,1242,14
1243,1243,14
1244,1244,14
1245,1245,14
1246,1246,14
1247,1247,14
1248,1248,14
1249,1249,14
1250,1250,14
1251,1251,14
1252,1252,14
1253,1253,14
1254,1254,14
1255,1255,14
1256,1256,14
1257,1257,14
1258,1258,14
1259,1259,14
1260,1260,14
1261,1261,14
1262,1262,14
1263,1263,14
1264,1264,14
1265,1265,14
1266,1266,14
1267,1267,14
1268,1268,14
1269,1269,14
1270,1270,14
1271,1271,14
1272,1272,14
1273,1273,14
1274,1274,14
1275,1275,14
1276,1276,14
1277,1277,14
1278,1278,14
1279,1279,14
1280,1280,14
1281,1281,14
1282,1282,14
1283,1283,14
1284,1284,14
1285,1285,14
1286,1286,14
1287,1287,14
1288,1288,14
1289,1289,14
1290,1290,14
1291,1291,14
1292,1292,14
1293,1293,14
1294,1294,14
1295,1295,14
1296,1296,14
1297,1297,14
1298,1298,14
1299,1299,14
1300,1300,14
1301,1301,14
1302,1302,14
1303,1303,14
1304,1304,14
1305,1305,14
1306,1306,14
1307,1307,14
1308,1308,14
1309,1309,14
1310,1310,14
1311,1311,14
1312,1312,14
1313,1313,14
1314,1314,14
1315,1315,14
1316,1316,14
1317,1317,14
1318,1318,14
1319,1319,14
1320,1320,14
1321,1321,14
1322,1322,14
1323,1323,14
1324,1324,14
1325,1325,14
1326,1326,14
1327,1327,14
1328,1328,14
1329,1329,14
1330,1330,14
1331,1331,14
1332,1332,14
1333,1333,14
1334,1334,14
1335,1335,14
1336,1336,14
1337,1337,14
1338,1338,14
1339,1339,14
1340,1340,14
1341,1341,14
1342,1342,14
1343,1343,14
1344,1344,14
1345,1345,14
1346,1346,14
1347,1347,14
1348,1348,14
1349,1349,14
1350,1350,14
1351,1351,14
1352,1352,14
1353,1353,14
1354,1354,14
1355,1355,14
1356,1356,14
1357,1357,14
1358,1358,14
1359,1359,14
1360,1360,14
1361,1361,14
1362,1362,14
1363,1363,14
1364,1364,14
1365,1365,14
1366,1366,14
1367,1367,14
1368,1368,14
1369,1369,14
1370,1370,14
1371,1371,14
1372,1372,14
1373,1373,14
1374,1374,14
1375,1375,14
1376,1376,14
1377,1377,14
1378,1378,14
1379,1379,14
1380,1380,14
1381,1381,14
1382,1382,14
1383,1383,8
1384,1384,8
1385,1385,8
1386,1386,8
1387,1387,8
1388,1388,8
1389,1389,8
1390,1390,8
1391,1391,8
1392,1392,8
1393,1393,8
1394,1394,8
1395,1395,8
1396,1396,8
1397,1397,8
1398,1398,8
1399,1399,8
1400,1400,8
1401,1401,8
1402,1402,8
1403,1403,8
1404,1404,8
1405,1405,8
1406,1406,8
1407,1407,8
1408,1408,8
1409,1409,8
1410,1410,8
1411,1411,8
1412,1412,8
1413,1413,8
1414,1414,8
1415,1415,8
1416,1416,8
1417,1417,8
1418,1418,8
1419,1419,8
1420,1420,8
1421,1421,8
1422,1422,8
1423,1423,8
1424,1424,8
1425,1425,8
1426,1426,8
1427,1427,8
1428,1428,8
1429,1429,8
1430,1430,8
1431,1431,8
1432,1432,8
1433,1433,8
1434,1434,8
1435,1435,8
1436,1436,8
1437,1437,8
1438,1438,8
1439,1439,8
1440,1440,8
1441,1441,8
1442,1442,8
1443,1443,8
1444,1444,8
1445,1445,8
1446,1446,8
1447,1447,8
1448,1448,8
1449,1449,8
1450,1450,8
1451,1451,8
1452,1452,8
1453,1453,8
1454,1454,8
1455,1455,8
1456,1456,8
1457,1457,8
1458,1458,8
1459,1459,8
1460,1460,8
1461,1461,8
1462,1462,8
1463,1463,8
1464,1464,8
1465,1465,8
1466,1466,8
1467,1467,8
1468,1468,8
1469,1469,8
1470,1470,8
1471,1471,8
1472,1472,8
1473,1473,8
1474,1474,8
1475,1475,8
1476,1476,8
1477,1477,8
1478,1478,8
1479,1479,8
1480,1480,8
1481,1481,8
1482,1482,8
1483,1483,8
1484,1484,8
1485,1485,8
1486,1486,8
1487,1487,8
1488,1488,8
1489,1489,8
1490,1490,8
1491,1491,8
1492,1492,8
1493,1493,8
1494,1494,8
1495,1495,8
1496,1496,8
1497,1497,8
1498,1498,8
1499,1499,8
1500,1500,8
1501,1501,8
1502,1502,8
1503,1503,8
1504,1504,8
1505,1505,8
1506,1506,8
1507,1507,8
1508,1508,8
1509,1509,8
1510,1510,8
1511,1511,8
1512,1512,8
1513,1513,8
1514,1514,8
1515,1515,8
1516,1516,8
1517,1517,8
1518,1518,8
1519,1519,8
1520,1520,8
1521,1521,8
1522,1522,8
1523,1523,8
1524,1524,8
1525,1525,8
1526,1526,8
1527,1527,8
1528,1528,8
1529,1529,8
1530,1530,8
1531,1531,8
1532,1532,8
1533,1533,8
1534,1534,8
1535,1535,8
1536,1536,8
1537,1537,8
1538,1538,8
1539,1539,8
1540,1540,8
1541,1541,8
1542,1542,8
1543,1543,8
1544,1544,8
1545,1545,8
1546,1546,8
1547,1547,8
1548,1548,8
1549,1549,8
1550,1550,8
1551,1551,8
1552,1552,8
1553,1553,8
1554,1554,8
1555,1555,8
1556,1556,8
1557,1557,8
1558,1558,8
1559,1559,8
1560,1560,8
1561,1561,8
1562,1562,8
1563,1563,8
1564,1564,8
1565,1565,8
1566,1566,8
1567,1567,8
1568,1568,8
1569,1569,8
1570,1570,8
1571,1571,8
1572,1572,8
1573,1573,8
1574,1574,8
1575,1575,8
1576,1576,8
1577,1577,8
1578,1578,8
1579,1579,8
1580,1580,8
1581,1581,8
1582,1582,8
1583,1583,8
1584,1584,8
1585,1585,8
1586,1586,8
1587,1587,8
1588,1588,8
1589,1589,8
1590,1590,8
1591,1591,8
1592,1592,8
1593,1593,8
1594,1594,8
1595,1595,8
1596,1596,8
1597,1597,8
1598,1598,8
1599,1599,8
1600,1600,8
1601,1601,8
1602,1602,8
1603,1603,8
1604,1604,8
1605,1605,8
1606,1606,8
1607,1607,8
1608,1608,8
1609,1609,8
1610,1610,8
1611,1611,8
1612,1612,8
1613,1613,8
1614,1614,8
1615,1615,8
1616,1616,8
1617,1617,8
1618,1618,8
1619,1619,8
1620,1620,8
1621,1621,8
1622,1622,8
1623,1623,8
1624,1624,8
1625,1625,8
1626,1626,8
1627,1627,8
1628,1628,8
1629,1629,8
1630,1630,8
1631,1631,8
1632,1632,8
1633,1633,8
1634,1634,8
1635,1635,8
1636,1636,8
1637,1637,8
1638,1638,8
1639,1639,8
1640,1640,8
1641,1641,8
1642,1642,8
1643,1643,8
1644,1644,8
1645,1645,8
1646,1646,8
1647,1647,8
1648,1648,8
1649,1649,8
1650,1650,8
1651,1651,8
1652,1652,8
1653,1653,8
1654,1654,8
1655,1655,8
1656,1656,8
1657,1657,8
1658,1658,8
1659,1659,8
1660,1660,8
1661,1661,8
1662,1662,8
1663,1663,8
1664,1664,8
1665,1665,8
1666,1666,8
1667,1667,8
1668,1668,8
1669,1669,8
1670,1670,8
1671,1671,8
1672,1672,8
1673,1673,8
1674,1674,8
1675,1675,8
1676,1676,8
1677,1677,8
1678,1678,8
1679,1679,8
1680,1680,8
1681,1681,8
1682,1682,8
1683,1683,8
1684,1684,8
1685,1685,8
1686,1686,8
1687,1687,8
1688,1688,8
1689,1689,8
1690,1690,8
1691,1691,8
1692,1692,8
1693,1693,8
1694,1694,8
1695,1695,8
1696,1696,8
1697,1697,8
1698,1698,8
1699,1699,8
1700,1700,8
1701,1701,8
1702,1702,8
1703,1703,8
1704,1704,8
1705,1705,8
1706,1706,8
1707,1707,8
1708,1708,8
1709,1709,8
1710,1710,8
1711,1711,8
1712,1712,8
1713,1713,8
1714,1714,8
1715,1715,8
1716,1716,8
1717,1717,8
1718,1718,8
1719,1719,8
1720,1720,8
1721,1721,8
1722,1722,8
1723,1723,8
1724,1724,8
1725,1725,8
1726,1726,8
1727,1727,8
1728,1728,8
1729,1729,8
1730,1730,8
1731,1731,8
1732,1732,8
1733,1733,8
1734,1734,8
1735,1735,8
1736,1736,8
1737,1737,8
1738,1738,8
1739,1739,8
1740,1740,8
1741,1741,8
1742,1742,8
1743,1743,8
1744,1744,8
1745,1745,8
1746,1746,8
1747,1747,8
1748,1748,8
1749,1749,8
1750,1750,8
1751,1751,8
1752,1752,8
1753,1753,8
1754,1754,8
1755,1755,8
1756,1756,8
1757,1757,8
1758,1758,8
1759,1759,8
1760,1760,8
1761,1761,8
1762,1762,8
1763,1763,8
1764,1764,8
1765,1765,8
1766,1766,8
1767,1767,8
1768,1768,8
1769,1769,8
1770,1770,8
1771,1771,8
1772,1772,8
1773,1773,8
1774,1774,8
1775,1775,8
1776,1776,8
1777,1777,8
1778,1778,8
1779,1779,8
1780,1780,8
1781,1781,8
1782,1782,8
1783,1783,8
1784,1784,8
1785,1785,8
1786,1786,8
1787,1787,8
1788,1788,8
1789,1789,8
1790,1790,8
1791,1791,8
1792,1792,8
1793,1793,8
1794,1794,8
1795,1795,8
1796,1796,8
1797,1797,8
1798,1798,8
1799,1799,8
1800,1800,8
1801,1801,8
1802,1802,8
1803,1803,8
1804,1804,8
1805,1805,8
1806,1806,8
1807,1807,8
1808,1808,8
1809,1809,8
1810,1810,8
1811,1811,8
1812,1812,8
1813,1813,8
1814,1814,8
1815,1815,8
1816,1816,8
1817,1817,8
1818,1818,8
1819,1819,8
1820,1820,8
1821,1821,8
1822,1822,8
1823,1823,8
1824,1824,8
1825,1825,8
1826,1826,8
1827,1827,8
1828,1828,8
1829,1829,8
1830,1830,8
1831,1831,8
1832,1832,8
1833,1833,8
1834,1834,8
1835,1835,8
1836,1836,8
1837,1837,8
1838,1838,8
1839,1839,8
1840,1840,8
1841,1841,8
1842,1842,8
1843,1843,8
1844,1844,8
1845,1845,8
1846,1846,8
1847,1847,8
1848,1848,8
1849,1849,8
1850,1850,8
1851,1851,8
1852,1852,8
1853,1853,8
1854,1854,8
1855,1855,8
1856,1856,8
1857,1857,8
1858,1858,8
1859,1859,8
1860,1860,8
1861,1861,8
1862,1862,8
1863,1863,8
1864,1864,8
1865,1865,8
1866,1866,8
1867,1867,8
1868,1868,8
1869,1869,8
1870,1870,8
1871,1871,8
1872,1872,8
1873,1873,8
1874,1874,8
1875,1875,8
1876,1876,8
1877,1877,8
1878,1878,8
1879,1879,8
1880,1880,8
1881,1881,8
1882,1882,8
1883,1883,8
1884,1884,8
1885,1885,8
1886,1886,8
1887,1887,8
1888,1888,8
1889,1889,8
1890,1890,8
1891,1891,8
1892,1892,8
1893,1893,8
1894,1894,8
1895,1895,13
1896,1896,13
1897,1897,13
1898,1898,13
1899,1899,13
1900,1900,13
1901,1901,13
1902,1902,13
1903,1903,13
1904,1904,13
1905,1905,13
1906,1906,13
1907,1907,13
1908,1908,13
1909,1909,13
1910,1910,13
1911,1911,13
1912,1912,13
1913,1913,13
1914,1914,13
1915,1915,13
1916,1916,13
1917,1917,13
1918,1918,13
1919,1919,13
1920,1920,13
1921,1921,13
1922,1922,13
1923,1923,13
1924,1924,13
1925,1925,13
1926,1926,13
1927,1927,13
1928,1928,13
1929,1929,13
1930,1930,13
1931,1931,13
1932,1932,13
1933,1933,13
1934,1934,13
1935,1935,13
1936,1936,13
1937,1937,13
1938,1938,13
1939,1939,13
1940,1940,13
1941,1941,13
1942,1942,13
1943,1943,13
1944,1944,13
1945,1945,13
1946,1946,13
1947,1947,13
1948,1948,13
1949,1949,13
1950,1950,13
1951,1951,13
1952,1952,13
1953,1953,13
1954,1954,13
1955,1955,13
1956,1956,13
1957,1957,13
1958,1958,13
1959,1959,13
1960,1960,13
1961,1961,13
1962,1962,13
1963,1963,13
1964,1964,13
1965,1965,13
1966,1966,13
1967,1967,13
1968,1968,13
1969,1969,13
1970,1970,13
1971,1971,13
1972,1972,13
1973,1973,13
1974,1974,13
1975,1975,13
1976,1976,13
1977,1977,13
1978,1978,13
1979,1979,13
1980,1980,13
1981,1981,13
1982,1982,13
1983,1983,13
1984,1984,13
1985,1985,13
1986,1986,13
1987,1987,13
1988,1988,13
1989,1989,13
1990,1990,13
1991,1991,13
1992,1992,13
1993,1993,13
1994,1994,13
1995,1995,13
1996,1996,13
1997,1997,13
1998,1998,13
1999,1999,13
2000,2000,13
2001,2001,13
2002,2002,13
2003,2003,13
2004,2004,13
2005,2005,13
2006,2006,13
2007,2007,13
2008,2008,13
2009,2009,13
2010,2010,13
2011,2011,13
2012,2012,13
2013,2013,13
2014,2014,13
2015,2015,13
2016,2016,13
2017,2017,13
2018,2018,13
2019,2019,13
2020,2020,13
2021,2021,13
2022,2022,13
2023,2023,13
2024,2024,13
2025,2025,13
2026,2026,13
2027,2027,13
2028,2028,13
2029,2029,13
2030,2030,13
2031,2031,13
2032,2032,13
2033,2033,13
2034,2034,13
2035,2035,13
2036,2036,13
2037,2037,13
2038,2038,13
2039,2039,13
2040,2040,13
2041,2041,13
2042,2042,13
2043,2043,13
2044,2044,13
2045,2045,13
2046,2046,13
2047,2047,13
2048,2048,13
2049,2049,13
2050,2050,13
2051,2051,13
2052,2052,13
2053,2053,13
2054,2054,13
2055,2055,13
2056,2056,13
2057,2057,13
2058,2058,13
2059,2059,13
2060,2060,13
2061,2061,13
2062,2062,13
2063,2063,13
2064,2064,13
2065,2065,13
2066,2066,13
2067,2067,13
2068,2068,13
2069,2069,13
2070,2070,13
2071,2071,13
2072,2072,13
2073,2073,13
2074,2074,13
2075,2075,13
2076,2076,13
2077,2077,13
2078,2078,13
2079,2079,13
2080,2080,13
2081,2081,13
2082,2082,13
2083,2083,13
2084,2084,13
2085,2085,13
2086,2086,13
2087,2087,13
2088,2088,13
2089,2089,13
2090,2090,13
2091,2091,13
2092,2092,13
2093,2093,13
2094,2094,13
2095,2095,13
2096,2096,13
2097,2097,13
2098,2098,13
2099,2099,13
2100,2100,13
2101,2101,13
2102,2102,13
2103,2103,13
2104,2104,13
2105,2105,13
2106,2106,13
2107,2107,13
2108,2108,13
2109,2109,13
2110,2110,13
2111,2111,13
2112,2112,13
2113,2113,13
2114,2114,13
2115,2115,13
2116,2116,13
2117,2117,13
2118,2118,13
2119,2119,13
2120,2120,13
2121,2121,13
2122,2122,13
2123,2123,13
2124,2124,13
2125,2125,13
2126,2126,13
2127,2127,13
2128,2128,13
2129,2129,13
2130,2130,13
2131,2131,13
2132,2132,13
2133,2133,13
2134,2134,13
2135,2135,13
2136,2136,13
2137,2137,13
2138,2138,13
2139,2139,13
2140,2140,13
2141,2141,13
2142,2142,13
2143,2143,13
2144,2144,13
2145,2145,13
2146,2146,13
2147,2147,13
2148,2148,13
2149,2149,13
2150,2150,13
2151,2151,13
2152,2152,13
2153,2153,13
2154,2154,13
2155,2155,13
2156,2156,13
2157,2157,13
2158,2158,13
2159,2159,13
2160,2160,13
2161,2161,13
2162,2162,13
2163,2163,13
2164,2164,13
2165,2165,13
2166,2166,13
2167,2167,13
2168,2168,13
2169,2169,13
2170,2170,13
2171,2171,13
2172,2172,13
2173,2173,13
2174,2174,13
2175,2175,13
2176,2176,13
2177,2177,13
2178,2178,13
2179,2179,13
2180,2180,13
2181,2181,13
2182,2182,13
2183,2183,13
2184,2184,13
2185,2185,13
2186,2186,13
2187,2187,13
2188,2188,13
2189,2189,13
2190,2190,13
2191,2191,13
2192,2192,13
2193,2193,13
2194,2194,13
2195,2195,13
2196,2196,13
2197,2197,13
2198,2198,13
2199,2199,13
2200,2200,13
2201,2201,13
2202,2202,13
2203,2203,13
2204,2204,13
2205,2205,13
2206,2206,13
2207,2207,13
2208,2208,13
2209,2209,13
2210,2210,13
2211,2211,13
2212,2212,13
2213,2213,13
2214,2214,13
2215,2215,13
2216,2216,13
2217,2217,13
2218,2218,13
2219,2219,13
2220,2220,13
2221,2221,13
2222,2222,13
2223,2223,13
2224,2224,13
2225,2225,13
2226,2226,13
2227,2227,13
2228,2228,13
2229,2229,13
2230,2230,13
2231,2231,13
2232,2232,13
2233,2233,13
2234,2234,13
2235,2235,13
2236,2236,13
2237,2237,13
2238,2238,13
2239,2239,13
2240,2240,13
2241,2241,13
2242,2242,13
2243,2243,13
2244,2244,13
2245,2245,13
2246,2246,13
2247,2247,13
2248,2248,13
2249,2249,13
2250,2250,13
2251,2251,13
2252,2252,13
2253,2253,13
2254,2254,13
2255,2255,13
2256,2256,13
2257,2257,13
2258,2258,13
2259,2259,13
2260,2260,13
2261,2261,13
2262,2262,13
2263,2263,13
2264,2264,13
2265,2265,13
2266,2266,13
2267,2267,13
2268,2268,13
2269,2269,13
2270,2270,13
2271,2271,13
2272,2272,13
2273,2273,13
2274,2274,13
2275,2275,13
2276,2276,13
2277,2277,13
2278,2278,13
2279,2279,13
2280,2280,13
2281,2281,13
2282,2282,13
2283,2283,13
2284,2284,13
2285,2285,13
2286,2286,13
2287,2287,13
2288,2288,13
2289,2289,13
2290,2290,13
2291,2291,13
2292,2292,13
2293,2293,13
2294,2294,13
2295,2295,13
2296,2296,13
2297,2297,13
2298,2298,13
2299,2299,13
2300,2300,13
2301,2301,13
2302,2302,13
2303,2303,13
2304,2304,13
2305,2305,13
2306,2306,13
2307,2307,13
2308,2308,13
2309,2309,13
2310,2310,13
2311,2311,13
2312,2312,13
2313,2313,13
2314,2314,13
2315,2315,13
2316,2316,13
2317,2317,13
2318,2318,13
2319,2319,13
2320,2320,13
2321,2321,13
2322,2322,13
2323,2323,13
2324,2324,13
2325,2325,13
2326,2326,13
2327,2327,13
2328,2328,13
2329,2329,13
2330,2330,13
2331,2331,13
2332,2332,13
2333,2333,13
2334,2334,13
2335,2335,13
2336,2336,13
2337,2337,13
2338,2338,13
2339,2339,13
2340,2340,13
2341,2341,13
2342,2342,13
2343,2343,13
2344,2344,13
2345,2345,13
2346,2346,13
2347,2347,13
2348,2348,13
2349,2349,13
2350,2350,13
2351,2351,13
2352,2352,13
2353,2353,13
2354,2354,13
2355,2355,13
2356,2356,13
2357,2357,13
2358,2358,13
2359,2359,13
2360,2360,13
2361,2361,13
2362,2362,13
2363,2363,13
2364,2364,13
2365,2365,13
2366,2366,13
2367,2367,13
2368,2368,13
2369,2369,13
2370,2370,13
2371,2371,13
2372,2372,13
2373,2373,13
2374,2374,13
2375,2375,13
2376,2376,13
2377,2377,13
2378,2378,13
2379,2379,13
2380,2380,13
2381,2381,13
2382,2382,13
2383,2383,13
2384,2384,13
2385,2385,13
2386,2386,13
2387,2387,13
2388,2388,13
2389,2389,13
2390,2390,13
2391,2391,13
2392,2392,13
2393,2393,13
2394,2394,13
2395,2395,13
2396,2396,13
2397,2397,13
2398,2398,13
2399,2399,13
2400,2400,13
2401,2401,13
2402,2402,13
2403,2403,13
2404,2404,13
2405,2405,13
2406,2406,13
2407,2407,6
2408,2408,6
2409,2409,6
2410,2410,6
2411,2411,6
2412,2412,6
2413,2413,6
2414,2414,6
2415,2415,6
2416,2416,6
2417,2417,6
2418,2418,6
2419,2419,6
2420,2420,6
2421,2421,6
2422,2422,6
2423,2423,6
2424,2424,6
2425,2425,6
2426,2426,6
2427,2427,6
2428,2428,6
2429,2429,6
2430,2430,6
2431,2431,6
2432,2432,6
2433,2433,6
2434,2434,6
2435,2435,6
2436,2436,6
2437,2437,6
2438,2438,6
2439,2439,6
2440,2440,6
2441,2441,6
2442,2442,6
2443,2443,6
2444,2444,6
2445,2445,6
2446,2446,6
2447,2447,6
2448,2448,6
2449,2449,6
2450,2450,6
2451,2451,6
2452,2452,6
2453,2453,6
2454,2454,6
2455,2455,6
2456,2456,6
2457,2457,6
2458,2458,6
2459,2459,6
2460,2460,6
2461,2461,6
2462,2462,6
2463,2463,6
2464,2464,6
2465,2465,6
2466,2466,6
2467,2467,6
2468,2468,6
2469,2469,6
2470,2470,6
2471,2471,6
2472,2472,6
2473,2473,6
2474,2474,6
2475,2475,6
2476,2476,6
2477,2477,6
2478,2478,6
2479,2479,6
2480,2480,6
2481,2481,6
2482,2482,6
2483,2483,6
2484,2484,6
2485,2485,6
2486,2486,6
2487,2487,6
2488,2488,6
2489,2489,6
2490,2490,6
2491,2491,6
2492,2492,6
2493,2493,6
2494,2494,6
2495,2495,6
2496,2496,6
2497,2497,6
2498,2498,6
2499,2499,6
2500,2500,6
2501,2501,6
2502,2502,6
2503,2503,6
2504,2504,6
2505,2505,6
2506,2506,6
2507,2507,6
2508,2508,6
2509,2509,6
2510,2510,6
2511,2511,6
2512,2512,6
2513,2513,6
2514,2514,6
2515,2515,6
2516,2516,6
2517,2517,6
2518,2518,6
2519,2519,6
2520,2520,6
2521,2521,6
2522,2522,6
2523,2523,6
2524,2524,6
2525,2525,6
2526,2526,6
2527,2527,6
2528,2528,6
2529,2529,6
2530,2530,6
2531,2531,6
2532,2532,6
2533,2533,6
2534,2534,6
2535,2535,6
2536,2536,6
2537,2537,6
2538,2538,6
2539,2539,6
2540,2540,6
2541,2541,6
2542,2542,6
2543,2543,6
2544,2544,6
2545,2545,6
2546,2546,6
2547,2547,6
2548,2548,6
2549,2549,6
2550,2550,6
2551,2551,6
2552,2552,6
2553,2553,6
2554,2554,6
2555,2555,6
2556,2556,6
2557,2557,6
2558,2558,6
2559,2559,6
2560,2560,6
2561,2561,6
2562,2562,6
2563,2563,6
2564,2564,6
2565,2565,6
2566,2566,6
2567,2567,6
2568,2568,6
2569,2569,6
2570,2570,6
2571,2571,6
2572,2572,6
2573,2573,6
2574,2574,6
2575,2575,6
2576,2576,6
2577,2577,6
2578,2578,6
2579,2579,6
2580,2580,6
2581,2581,6
2582,2582,6
2583,2583,6
2584,2584,6
2585,2585,6
2586,2586,6
2587,2587,6
2588,2588,6
2589,2589,6
2590,2590,6
2591,2591,6
2592,2592,6
2593,2593,6
2594,2594,6
2595,2595,6
2596,2596,6
2597,2597,6
2598,2598,6
2599,2599,6
2600,2600,6
2601,2601,6
2602,2602,6
2603,2603,6
2604,2604,6
2605,2605,6
2606,2606,6
2607,2607,6
2608,2608,6
2609,2609,6
2610,2610,6
2611,2611,6
2612,2612,6
2613,2613,6
2614,2614,6
2615,2615,6
2616,2616,6
2617,2617,6
2618,2618,6
2619,2619,6
2620,2620,6
2621,2621,6
2622,2622,6
2623,2623,6
2624,2624,6
2625,2625,6
2626,2626,6
2627,2627,6
2628,2628,6
2629,2629,6
2630,2630,6
2631,2631,6
2632,2632,6
2633,2633,6
2634,2634,6
2635,2635,6
2636,2636,6
2637,2637,6
2638,2638,6
2639,2639,6
2640,2640,6
2641,2641,6
2642,2642,6
2643,2643,6
2644,2644,6
2645,2645,6
2646,2646,6
2647,2647,6
2648,2648,6
2649,2649,6
2650,2650,6
2651,2651,6
2652,2652,6
2653,2653,6
2654,2654,6
2655,2655,6
2656,2656,6
2657,2657,6
2658,2658,6
2659,2659,6
2660,2660,6
2661,2661,6
2662,2662,6
2663,2663,6
2664,2664,6
2665,2665,6
2666,2666,6
2667,2667,6
2668,2668,6
2669,2669,6
2670,2670,6
2671,2671,6
2672,2672,6
2673,2673,6
2674,2674,6
2675,2675,6
2676,2676,6
2677,2677,6
2678,2678,6
2679,2679,6
2680,2680,6
2681,2681,6
2682,2682,6
2683,2683,6
2684,2684,6
2685,2685,6
2686,2686,6
2687,2687,6
2688,2688,6
2689,2689,6
2690,2690,6
2691,2691,6
2692,2692,6
2693,2693,6
2694,2694,6
2695,2695,6
2696,2696,6
2697,2697,6
2698,2698,6
2699,2699,6
2700,2700,6
2701,2701,6
2702,2702,6
2703,2703,6
2704,2704,6
2705,2705,6
2706,2706,6
2707,2707,6
2708,2708,6
2709,2709,6
2710,2710,6
2711,2711,6
2712,2712,6
2713,2713,6
2714,2714,6
2715,2715,6
2716,2716,6
2717,2717,6
2718,2718,6
2719,2719,6
2720,2720,6
2721,2721,6
2722,2722,6
2723,2723,6
2724,2724,6
2725,2725,6
2726,2726,6
2727,2727,6
2728,2728,6
2729,2729,6
2730,2730,6
2731,2731,6
2732,2732,6
2733,2733,6
2734,2734,6
2735,2735,6
2736,2736,6
2737,2737,6
2738,2738,6
2739,2739,6
2740,2740,6
2741,2741,6
2742,2742,6
2743,2743,6
2744,2744,6
2745,2745,6
2746,2746,6
2747,2747,6
2748,2748,6
2749,2749,6
2750,2750,6
2751,2751,6
2752,2752,6
2753,2753,6
2754,2754,6
2755,2755,6
2756,2756,6
2757,2757,6
2758,2758,6
2759,2759,6
2760,2760,6
2761,2761,6
2762,2762,6
2763,2763,6
2764,2764,6
2765,2765,6
2766,2766,6
2767,2767,6
2768,2768,6
2769,2769,6
2770,2770,6
2771,2771,6
2772,2772,6
2773,2773,6
2774,2774,6
2775,2775,6
2776,2776,6
2777,2777,6
2778,2778,6
2779,2779,6
2780,2780,6
2781,2781,6
2782,2782,6
2783,2783,6
2784,2784,6
2785,2785,6
2786,2786,6
2787,2787,6
2788,2788,6
2789,2789,6
2790,2790,6
2791,2791,6
2792,2792,6
2793,2793,6
2794,2794,6
2795,2795,6
2796,2796,6
2797,2797,6
2798,2798,6
2799,2799,6
2800,2800,6
2801,2801,6
2802,2802,6
2803,2803,6
2804,2804,6
2805,2805,6
2806,2806,6
2807,2807,6
2808,2808,6
2809,2809,6
2810,2810,6
2811,2811,6
2812,2812,6
2813,2813,6
2814,2814,6
2815,2815,6
2816,2816,6
2817,2817,6
2818,2818,6
2819,2819,6
2820,2820,6
2821,2821,6
2822,2822,6
2823,2823,6
2824,2824,6
2825,2825,6
2826,2826,6
2827,2827,6
2828,2828,6
2829,2829,6
2830,2830,6
2831,2831,6
2832,2832,6
2833,2833,6
2834,2834,6
2835,2835,6
2836,2836,6
2837,2837,6
2838,2838,6
2839,2839,6
2840,2840,6
2841,2841,6
2842,2842,6
2843,2843,6
2844,2844,6
2845,2845,6
2846,2846,6
2847,2847,6
2848,2848,6
2849,2849,6
2850,2850,6
2851,2851,6
2852,2852,6
2853,2853,6
2854,2854,6
2855,2855,6
2856,2856,6
2857,2857,6
2858,2858,6
2859,2859,6
2860,2860,6
2861,2861,6
2862,2862,6
2863,2863,6
2864,2864,6
2865,2865,6
2866,2866,6
2867,2867,6
2868,2868,6
2869,2869,6
2870,2870,6
2871,2871,6
2872,2872,6
2873,2873,6
2874,2874,6
2875,2875,6
2876,2876,6
2877,2877,6
2878,2878,6
2879,2879,6
2880,2880,6
2881,2881,6
2882,2882,6
2883,2883,6
2884,2884,6
2885,2885,6
2886,2886,6
2887,2887,6
2888,2888,6
2889,2889,6
2890,2890,6
2891,2891,6
2892,2892,6
2893,2893,6
2894,2894,6
2895,2895,6
2896,2896,6
2897,2897,6
2898,2898,6
2899,2899,6
2900,2900,6
2901,2901,6
2902,2902,6
2903,2903,6
2904,2904,6
2905,2905,6
2906,2906,6
2907,2907,6
2908,2908,6
2909,2909,6
2910,2910,6
2911,2911,6
2912,2912,6
2913,2913,6
2914,2914,6
2915,2915,6
2916,2916,6
2917,2917,6
2918,2918,6
2919,2919,12
2920,2920,12
2921,2921,12
2922,2922,12
2923,2923,12
2924,2924,12
2925,2925,12
2926,2926,12
2927,2927,12
2928,2928,12
2929,2929,12
2930,2930,12
2931,2931,12
2932,2932,12
2933,2933,12
2934,2934,12
2935,2935,12
2936,2936,12
2937,2937,12
2938,2938,12
2939,2939,12
2940,2940,12
2941,2941,12
2942,2942,12
2943,2943,12
2944,2944,12
2945,2945,12
2946,2946,12
2947,2947,12
2948,2948,12
2949,2949,12
2950,2950,12
2951,2951,12
2952,2952,12
2953,2953,12
2954,2954,12
2955,2955,12
2956,2956,12
2957,2957,12
2958,2958,12
2959,2959,12
2960,2960,12
2961,2961,12
2962,2962,12
2963,2963,12
2964,2964,12
2965,2965,12
2966,2966,12
2967,2967,12
2968,2968,12
2969,2969,12
2970,2970,12
2971,2971,12
2972,2972,12
2973,2973,12
2974,2974,12
2975,2975,12
2976,2976,12
2977,2977,12
2978,2978,12
2979,2979,12
2980,2980,12
2981,2981,12
2982,2982,12
2983,2983,12
2984,2984,12
2985,2985,12
2986,2986,12
2987,2987,12
2988,2988,12
2989,2989,12
2990,2990,12
2991,2991,12
2992,2992,12
2993,2993,12
2994,2994,12
2995,2995,12
2996,2996,12
2997,2997,12
2998,2998,12
2999,2999,12
3000,3000,12
3001,3001,12
3002,3002,12
3003,3003,12
3004,3004,12
3005,3005,12
3006,3006,12
3007,3007,12
3008,3008,12
3009,3009,12
3010,3010,12
3011,3011,12
3012,3012,12
3013,3013,12
3014,3014,12
3015,3015,12
3016,3016,12
3017,3017,12
3018,3018,12
3019,3019,12
3020,3020,12
3021,3021,12
3022,3022,12
3023,3023,12
3024,3024,12
3025,3025,12
3026,3026,12
3027,3027,12
3028,3028,12
3029,3029,12
3030,3030,12
3031,3031,12
3032,3032,12
3033,3033,12
3034,3034,12
3035,3035,12
3036,3036,12
3037,3037,12
3038,3038,12
3039,3039,12
3040,3040,12
3041,3041,12
3042,3042,12
3043,3043,12
3044,3044,12
3045,3045,12
3046,3046,12
3047,3047,12
3048,3048,12
3049,3049,12
3050,3050,12
3051,3051,12
3052,3052,12
3053,3053,12
3054,3054,12
3055,3055,12
3056,3056,12
3057,3057,12
3058,3058,12
3059,3059,12
3060,3060,12
3061,3061,12
3062,3062,12
3063,3063,12
3064,3064,12
3065,3065,12
3066,3066,12
3067,3067,12
3068,3068,12
3069,3069,12
3070,3070,12
3071,3071,12
3072,3072,12
3073,3073,12
3074,3074,12
3075,3075,12
3076,3076,12
3077,3077,12
3078,3078,12
3079,3079,12
3080,3080,12
3081,3081,12
3082,3082,12
3083,3083,12
3084,3084,12
3085,3085,12
3086,3086,12
3087,3087,12
3088,3088,12
3089,3089,12
3090,3090,12
3091,3091,12
3092,3092,12
3093,3093,12
3094,3094,12
3095,3095,12
3096,3096,12
3097,3097,12
3098,3098,12
3099,3099,12
3100,3100,12
3101,3101,12
3102,3102,12
3103,3103,12
3104,3104,12
3105,3105,12
3106,3106,12
3107,3107,12
3108,3108,12
3109,3109,12
3110,3110,12
3111,3111,12
3112,3112,12
3113,3113,12
3114,3114,12
3115,3115,12
3116,3116,12
3117,3117,12
3118,3118,12
3119,3119,12
3120,3120,12
3121,3121,12
3122,3122,12
3123,3123,12
3124,3124,12
3125,3125,12
3126,3126,12
3127,3127,12
3128,3128,12
3129,3129,12
3130,3130,12
3131,3131,12
3132,3132,12
3133,3133,12
3134,3134,12
3135,3135,12
3136,3136,12
3137,3137,12
3138,3138,12
3139,3139,12
3140,3140,12
3141,3141,12
3142,3142,12
3143,3143,12
3144,3144,12
3145,3145,12
3146,3146,12
3147,3147,12
3148,3148,12
3149,3149,12
3150,3150,12
3151,3151,12
3152,3152,12
3153,3153,12
3154,3154,12
3155,3155,12
3156,3156,12
3157,3157,12
3158,3158,12
3159,3159,12
3160,3160,12
3161,3161,12
3162,3162,12
3163,3163,12
3164,3164,12
3165,3165,12
3166,3166,12
3167,3167,12
3168,3168,12
3169,3169,12
3170,3170,12
3171,3171,12
3172,3172,12
3173,3173,12
3174,3174,12
3175,3175,12
3176,3176,12
3177,3177,12
3178,3178,12
3179,3179,12
3180,3180,12
3181,3181,12
3182,3182,12
3183,3183,12
3184,3184,12
3185,3185,12
3186,3186,12
3187,3187,12
3188,3188,12
3189,3189,12
3190,3190,12
3191,3191,12
3192,3192,12
3193,3193,12
3194,3194,12
3195,3195,12
3196,3196,12
3197,3197,12
3198,3198,12
3199,3199,12
3200,3200,12
3201,3201,12
3202,3202,12
3203,3203,12
3204,3204,12
3205,3205,12
3206,3206,12
3207,3207,12
3208,3208,12
3209,3209,12
3210,3210,12
3211,3211,12
3212,3212,12
3213,3213,12
3214,3214,12
3215,3215,12
3216,3216,12
3217,3217,12
3218,3218,12
3219,3219,12
3220,3220,12
3221,3221,12
3222,3222,12
3223,3223,12
3224,3224,12
3225,3225,12
3226,3226,12
3227,3227,12
3228,3228,12
3229,3229,12
3230,3230,12
3231,3231,12
3232,3232,12
3233,3233,12
3234,3234,12
3235,3235,12
3236,3236,12
3237,3237,12
3238,3238,12
3239,3239,12
3240,3240,12
3241,3241,12
3242,3242,12
3243,3243,12
3244,3244,12
3245,3245,12
3246,3246,12
3247,3247,12
3248,3248,12
3249,3249,12
3250,3250,12
3251,3251,12
3252,3252,12
3253,3253,12
3254,3254,12
3255,3255,12
3256,3256,12
3257,3257,12
3258,3258,12
3259,3259,12
3260,3260,12
3261,3261,12
3262,3262,12
3263,3263,12
3264,3264,12
3265,3265,12
3266,3266,12
3267,3267,12
3268,3268,12
3269,3269,12
3270,3270,12
3271,3271,12
3272,3272,12
3273,3273,12
3274,3274,12
3275,3275,12
3276,3276,12
3277,3277,12
3278,3278,12
3279,3279,12
3280,3280,12
3281,3281,12
3282,3282,12
3283,3283,12
3284,3284,12
3285,3285,12
3286,3286,12
3287,3287,12
3288,3288,12
3289,3289,12
3290,3290,12
3291,3291,12
3292,3292,12
3293,3293,12
3294,3294,12
3295,3295,12
3296,3296,12
3297,3297,12
3298,3298,12
3299,3299,12
3300,3300,12
3301,3301,12
3302,3302,12
3303,3303,12
3304,3304,12
3305,3305,12
3306,3306,12
3307,3307,12
3308,3308,12
3309,3309,12
3310,3310,12
3311,3311,12
3312,3312,12
3313,3313,12
3314,3314,12
3315,3315,12
3316,3316,12
3317,3317,12
3318,3318,12
3319,3319,12
3320,3320,12
3321,3321,12
3322,3322,12
3323,3323,12
3324,3324,12
3325,3325,12
3326,3326,12
3327,3327,12
3328,3328,12
3329,3329,12
3330,3330,12
3331,3331,12
3332,3332,12
3333,3333,12
3334,3334,12
3335,3335,12
3336,3336,12
3337,3337,12
3338,3338,12
3339,3339,12
3340,3340,12
3341,3341,12
3342,3342,12
3343,3343,12
3344,3344,12
3345,3345,12
3346,3346,12
3347,3347,12
3348,3348,12
3349,3349,12
3350,3350,12
3351,3351,12
3352,3352,12
3353,3353,12
3354,3354,12
3355,3355,12
3356,3356,12
3357,3357,12
3358,3358,12
3359,3359,12
3360,3360,12
3361,3361,12
3362,3362,12
3363,3363,12
3364,3364,12
3365,3365,12
3366,3366,12
3367,3367,12
3368,3368,12
3369,3369,12
3370,3370,12
3371,3371,12
3372,3372,12
3373,3373,12
3374,3374,12
3375,3375,12
3376,3376,12
3377,3377,12
3378,3378,12
3379,3379,12
3380,3380,12
3381,3381,12
3382,3382,12
3383,3383,12
3384,3384,12
3385,3385,12
3386,3386,12
3387,3387,12
3388,3388,12
3389,3389,12
3390,3390,12
3391,3391,12
3392,3392,12
3393,3393,12
3394,3394,12
3395,3395,12
3396,3396,12
3397,3397,12
3398,3398,12
3399,3399,12
3400,3400,12
3401,3401,12
3402,3402,12
3403,3403,12
3404,3404,12
3405,3405,12
3406,3406,12
3407,3407,12
3408,3408,12
3409,3409,12
3410,3410,12
3411,3411,12
3412,3412,12
3413,3413,12
3414,3414,12
3415,3415,12
3416,3416,12
3417,3417,12
3418,3418,12
3419,3419,12
3420,3420,12
3421,3421,12
3422,3422,12
3423,3423,12
3424,3424,12
3425,3425,12
3426,3426,12
3427,3427,12
3428,3428,12
3429,3429,12
3430,3430,12
3431,3431,5
3432,3432,5
3433,3433,5
3434,3434,5
3435,3435,5
3436,3436,5
3437,3437,5
3438,3438,5
3439,3439,5
3440,3440,5
3441,3441,5
3442,3442,5
3443,3443,5
3444,3444,5
3445,3445,5
3446,3446,5
3447,3447,5
3448,3448,5
3449,3449,5
3450,3450,5
3451,3451,5
3452,3452,5
3453,3453,5
3454,3454,5
3455,3455,5
3456,3456,5
3457,3457,5
3458,3458,5
3459,3459,5
3460,3460,5
3461,3461,5
3462,3462,5
3463,3463,5
3464,3464,5
3465,3465,5
3466,3466,5
3467,3467,5
3468,3468,5
3469,3469,5
3470,3470,5
3471,3471,5
3472,3472,5
3473,3473,5
3474,3474,5
3475,3475,5
3476,3476,5
3477,3477,5
3478,3478,5
3479,3479,5
3480,3480,5
3481,3481,5
3482,3482,5
3483,3483,5
3484,3484,5
3485,3485,5
3486,3486,5
3487,3487,5
3488,3488,5
3489,3489,5
3490,3490,5
3491,3491,5
3492,3492,5
3493,3493,5
3494,3494,5
3495,3495,5
3496,3496,5
3497,3497,5
3498,3498,5
3499,3499,5
3500,3500,5
3501,3501,5
3502,3502,5
3503,3503,5
3504,3504,5
3505,3505,5
3506,3506,5
3507,3507,5
3508,3508,5
3509,3509,5
3510,3510,5
3511,3511,5
3512,3512,5
3513,3513,5
3514,3514,5
3515,3515,5
3516,3516,5
3517,3517,5
3518,3518,5
3519,3519,5
3520,3520,5
3521,3521,5
3522,3522,5
3523,3523,5
3524,3524,5
3525,3525,5
3526,3526,5
3527,3527,5
3528,3528,5
3529,3529,5
3530,3530,5
3531,3531,5
3532,3532,5
3533,3533,5
3534,3534,5
3535,3535,5
3536,3536,5
3537,3537,5
3538,3538,5
3539,3539,5
3540,3540,5
3541,3541,5
3542,3542,5
3543,3543,5
3544,3544,5
3545,3545,5
3546,3546,5
3547,3547,5
3548,3548,5
3549,3549,5
3550,3550,5
3551,3551,5
3552,3552,5
3553,3553,5
3554,3554,5
3555,3555,5
3556,3556,5
3557,3557,5
3558,3558,5
3559,3559,5
3560,3560,5
3561,3561,5
3562,3562,5
3563,3563,5
3564,3564,5
3565,3565,5
3566,3566,5
3567,3567,5
3568,3568,5
3569,3569,5
3570,3570,5
3571,3571,5
3572,3572,5
3573,3573,5
3574,3574,5
3575,3575,5
3576,3576,5
3577,3577,5
3578,3578,5
3579,3579,5
3580,3580,5
3581,3581,5
3582,3582,5
3583,3583,5
3584,3584,5
3585,3585,5
3586,3586,5
3587,3587,5
3588,3588,5
3589,3589,5
3590,3590,5
3591,3591,5
3592,3592,5
3593,3593,5
3594,3594,5
3595,3595,5
3596,3596,5
3597,3597,5
3598,3598,5
3599,3599,5
3600,3600,5
3601,3601,5
3602,3602,5
3603,3603,5
3604,3604,5
3605,3605,5
3606,3606,5
3607,3607,5
3608,3608,5
3609,3609,5
3610,3610,5
3611,3611,5
3612,3612,5
3613,3613,5
3614,3614,5
3615,3615,5
3616,3616,5
3617,3617,5
3618,3618,5
3619,3619,5
3620,3620,5
3621,3621,5
3622,3622,5
3623,3623,5
3624,3624,5
3625,3625,5
3626,3626,5
3627,3627,5
3628,3628,5
3629,3629,5
3630,3630,5
3631,3631,5
3632,3632,5
3633,3633,5
3634,3634,5
3635,3635,5
3636,3636,5
3637,3637,5
3638,3638,5
3639,3639,5
3640,3640,5
3641,3641,5
3642,3642,5
3643,3643,5
3644,3644,5
3645,3645,5
3646,3646,5
3647,3647,5
3648,3648,5
3649,3649,5
3650,3650,5
3651,3651,5
3652,3652,5
3653,3653,5
3654,3654,5
3655,3655,5
3656,3656,5
3657,3657,5
3658,3658,5
3659,3659,5
3660,3660,5
3661,3661,5
3662,3662,5
3663,3663,5
3664,3664,5
3665,3665,5
3666,3666,5
3667,3667,5
3668,3668,5
3669,3669,5
3670,3670,5
3671,3671,5
3672,3672,5
3673,3673,5
3674,3674,5
3675,3675,5
3676,3676,5
3677,3677,5
3678,3678,5
3679,3679,5
3680,3680,5
3681,3681,5
3682,3682,5
3683,3683,5
3684,3684,5
3685,3685,5
3686,3686,5
3687,3687,5
3688,3688,5
3689,3689,5
3690,3690,5
3691,3691,5
3692,3692,5
3693,3693,5
3694,3694,5
3695,3695,5
3696,3696,5
3697,3697,5
3698,3698,5
3699,3699,5
3700,3700,5
3701,3701,5
3702,3702,5
3703,3703,5
3704,3704,5
3705,3705,5
3706,3706,5
3707,3707,5
3708,3708,5
3709,3709,5
3710,3710,5
3711,3711,5
3712,3712,5
3713,3713,5
3714,3714,5
3715,3715,5
3716,3716,5
3717,3717,5
3718,3718,5
3719,3719,5
3720,3720,5
3721,3721,5
3722,3722,5
3723,3723,5
3724,3724,5
3725,3725,5
3726,3726,5
3727,3727,5
3728,3728,5
3729,3729,5
3730,3730,5
3731,3731,5
3732,3732,5
3733,3733,5
3734,3734,5
3735,3735,5
3736,3736,5
3737,3737,5
3738,3738,5
3739,3739,5
3740,3740,5
3741,3741,5
3742,3742,5
3743,3743,5
3744,3744,5
3745,3745,5
3746,3746,5
3747,3747,5
3748,3748,5
3749,3749,5
3750,3750,5
3751,3751,5
3752,3752,5
3753,3753,5
3754,3754,5
3755,3755,5
3756,3756,5
3757,3757,5
3758,3758,5
3759,3759,5
3760,3760,5
3761,3761,5
3762,3762,5
3763,3763,5
3764,3764,5
3765,3765,5
3766,3766,5
3767,3767,5
3768,3768,5
3769,3769,5
3770,3770,5
3771,3771,5
3772,3772,5
3773,3773,5
3774,3774,5
3775,3775,5
3776,3776,5
3777,3777,5
3778,3778,5
3779,3779,5
3780,3780,5
3781,3781,5
3782,3782,5
3783,3783,5
3784,3784,5
3785,3785,5
3786,3786,5
3787,3787,5
3788,3788,5
3789,3789,5
3790,3790,5
3791,3791,5
3792,3792,5
3793,3793,5
3794,3794,5
3795,3795,5
3796,3796,5
3797,3797,5
3798,3798,5
3799,3799,5
3800,3800,5
3801,3801,5
3802,3802,5
3803,3803,5
3804,3804,5
3805,3805,5
3806,3806,5
3807,3807,5
3808,3808,5
3809,3809,5
3810,3810,5
3811,3811,5
3812,3812,5
3813,3813,5
3814,3814,5
3815,3815,5
3816,3816,5
3817,3817,5
3818,3818,5
3819,3819,5
3820,3820,5
3821,3821,5
3822,3822,5
3823,3823,5
3824,3824,5
3825,3825,5
3826,3826,5
3827,3827,5
3828,3828,5
3829,3829,5
3830,3830,5
3831,3831,5
3832,3832,5
3833,3833,5
3834,3834,5
3835,3835,5
3836,3836,5
3837,3837,5
3838,3838,5
3839,3839,5
3840,3840,5
3841,3841,5
3842,3842,5
3843,3843,5
3844,3844,5
3845,3845,5
3846,3846,5
3847,3847,5
3848,3848,5
3849,3849,5
3850,3850,5
3851,3851,5
3852,3852,5
3853,3853,5
3854,3854,5
3855,3855,5
3856,3856,5
3857,3857,5
3858,3858,5
3859,3859,5
3860,3860,5
3861,3861,5
3862,3862,5
3863,3863,5
3864,3864,5
3865,3865,5
3866,3866,5
3867,3867,5
3868,3868,5
3869,3869,5
3870,3870,5
3871,3871,5
3872,3872,5
3873,3873,5
3874,3874,5
3875,3875,5
3876,3876,5
3877,3877,5
3878,3878,5
3879,3879,5
3880,3880,5
3881,3881,5
3882,3882,5
3883,3883,5
3884,3884,5
3885,3885,5
3886,3886,5
3887,3887,5
3888,3888,5
3889,3889,5
3890,3890,5
3891,3891,5
3892,3892,5
3893,3893,5
3894,3894,5
3895,3895,5
3896,3896,5
3897,3897,5
3898,3898,5
3899,3899,5
3900,3900,5
3901,3901,5
3902,3902,5
3903,3903,5
3904,3904,5
3905,3905,5
3906,3906,5
3907,3907,5
3908,3908,5
3909,3909,5
3910,3910,5
3911,3911,5
3912,3912,5
3913,3913,5
3914,3914,5
3915,3915,5
3916,3916,5
3917,3917,5
3918,3918,5
3919,3919,5
3920,3920,5
3921,3921,5
3922,3922,5
3923,3923,5
3924,3924,5
3925,3925,5
3926,3926,5
3927,3927,5
3928,3928,5
3929,3929,5
3930,3930,5
3931,3931,5
3932,3932,5
3933,3933,5
3934,3934,5
3935,3935,5
3936,3936,5
3937,3937,5
3938,3938,5
3939,3939,5
3940,3940,5
3941,3941,5
3942,3942,5
3943,3943,2
3944,3944,2
3945,3945,2
3946,3946,2
3947,3947,2
3948,3948,2
3949,3949,2
3950,3950,2
3951,3951,2
3952,3952,2
3953,3953,2
3954,3954,2
3955,3955,2
3956,3956,2
3957,3957,2
3958,3958,2
3959,3959,2
3960,3960,2
3961,3961,2
3962,3962,2
3963,3963,2
3964,3964,2
3965,3965,2
3966,3966,2
3967,3967,2
3968,3968,2
3969,3969,2
3970,3970,2
3971,3971,2
3972,3972,2
3973,3973,2
3974,3974,2
3975,3975,2
3976,3976,2
3977,3977,2
3978,3978,2
3979,3979,2
3980,3980,2
3981,3981,2
3982,3982,2
3983,3983,2
3984,3984,2
3985,3985,2
3986,3986,2
3987,3987,2
3988,3988,2
3989,3989,2
3990,3990,2
3991,3991,2
3992,3992,2
3993,3993,2
3994,3994,2
3995,3995,2
3996,3996,2
3997,3997,2
3998,3998,2
3999,3999,2
4000,4000,2
4001,4001,2
4002,4002,2
4003,4003,2
4004,4004,2
4005,4005,2
4006,4006,2
4007,4007,2
4008,4008,2
4009,4009,2
4010,4010,2
4011,4011,2
4012,4012,2
4013,4013,2
4014,4014,2
4015,4015,2
4016,4016,2
4017,4017,2
4018,4018,2
4019,4019,2
4020,4020,2
4021,4021,2
4022,4022,2
4023,4023,2
4024,4024,2
4025,4025,2
4026,4026,2
4027,4027,2
4028,4028,2
4029,4029,2
4030,4030,2
4031,4031,2
4032,4032,2
4033,4033,2
4034,4034,2
4035,4035,2
4036,4036,2
4037,4037,2
4038,4038,2
4039,4039,2
4040,4040,2
4041,4041,2
4042,4042,2
4043,4043,2
4044,4044,2
4045,4045,2
4046,4046,2
4047,4047,2
4048,4048,2
4049,4049,2
4050,4050,2
4051,4051,2
4052,4052,2
4053,4053,2
4054,4054,2
4055,4055,2
4056,4056,2
4057,4057,2
4058,4058,2
4059,4059,2
4060,4060,2
4061,4061,2
4062,4062,2
4063,4063,2
4064,4064,2
4065,4065,2
4066,4066,2
4067,4067,2
4068,4068,2
4069,4069,2
4070,4070,2
4071,4071,2
4072,4072,2
4073,4073,2
4074,4074,2
4075,4075,2
4076,4076,2
4077,4077,2
4078,4078,2
4079,4079,2
4080,4080,2
4081,4081,2
4082,4082,2
4083,4083,2
4084,4084,2
4085,4085,2
4086,4086,2
4087,4087,2
4088,4088,2
4089,4089,2
4090,4090,2
4091,4091,2
4092,4092,2
4093,4093,2
4094,4094,2
4095,4095,2
4096,4096,2
4097,4097,2
4098,4098,2
4099,4099,2
4100,4100,2
4101,4101,2
4102,4102,2
4103,4103,2
4104,4104,2
4105,4105,2
4106,4106,2
4107,4107,2
4108,4108,2
4109,4109,2
4110,4110,2
4111,4111,2
4112,4112,2
4113,4113,2
4114,4114,2
4115,4115,2
4116,4116,2
4117,4117,2
4118,4118,2
4119,4119,2
4120,4120,2
4121,4121,2
4122,4122,2
4123,4123,2
4124,4124,2
4125,4125,2
4126,4126,2
4127,4127,2
4128,4128,2
4129,4129,2
4130,4130,2
4131,4131,2
4132,4132,2
4133,4133,2
4134,4134,2
4135,4135,2
4136,4136,2
4137,4137,2
4138,4138,2
4139,4139,2
4140,4140,2
4141,4141,2
4142,4142,2
4143,4143,2
4144,4144,2
4145,4145,2
4146,4146,2
4147,4147,2
4148,4148,2
4149,4149,2
4150,4150,2
4151,4151,2
4152,4152,2
4153,4153,2
4154,4154,2
4155,4155,2
4156,4156,2
4157,4157,2
4158,4158,2
4159,4159,2
4160,4160,2
4161,4161,2
4162,4162,2
4163,4163,2
4164,4164,2
4165,4165,2
4166,4166,2
4167,4167,2
4168,4168,2
4169,4169,2
4170,4170,2
4171,4171,2
4172,4172,2
4173,4173,2
4174,4174,2
4175,4175,2
4176,4176,2
4177,4177,2
4178,4178,2
4179,4179,2
4180,4180,2
4181,4181,2
4182,4182,2
4183,4183,2
4184,4184,2
4185,4185,2
4186,4186,2
4187,4187,2
4188,4188,2
4189,4189,2
4190,4190,2
4191,4191,2
4192,4192,2
4193,4193,2
4194,4194,2
4195,4195,2
4196,4196,2
4197,4197,2
4198,4198,2
4199,4199,2
4200,4200,2
4201,4201,2
4202,4202,2
4203,4203,2
4204,4204,2
4205,4205,2
4206,4206,2
4207,4207,2
4208,4208,2
4209,4209,2
4210,4210,2
4211,4211,2
4212,4212,2
4213,4213,2
4214,4214,2
4215,4215,2
4216,4216,2
4217,4217,2
4218,4218,2
4219,4219,2
4220,4220,2
4221,4221,2
4222,4222,2
4223,4223,2
4224,4224,2
4225,4225,2
4226,4226,2
4227,4227,2
4228,4228,2
4229,4229,2
4230,4230,2
4231,4231,2
4232,4232,2
4233,4233,2
4234,4234,2
4235,4235,2
4236,4236,2
4237,4237,2
4238,4238,2
4239,4239,2
4240,4240,2
4241,4241,2
4242,4242,2
4243,4243,2
4244,4244,2
4245,4245,2
4246,4246,2
4247,4247,2
4248,4248,2
4249,4249,2
4250,4250,2
4251,4251,2
4252,4252,2
4253,4253,2
4254,4254,2
4255,4255,2
4256,4256,2
4257,4257,2
4258,4258,2
4259,4259,2
4260,4260,2
4261,4261,2
4262,4262,2
4263,4263,2
4264,4264,2
4265,4265,2
4266,4266,2
4267,4267,2
4268,4268,2
4269,4269,2
4270,4270,2
4271,4271,2
4272,4272,2
4273,4273,2
4274,4274,2
4275,4275,2
4276,4276,2
4277,4277,2
4278,4278,2
4279,4279,2
4280,4280,2
4281,4281,2
4282,4282,2
4283,4283,2
4284,4284,2
4285,4285,2
4286,4286,2
4287,4287,2
4288,4288,2
4289,4289,2
4290,4290,2
4291,4291,2
4292,4292,2
4293,4293,2
4294,4294,2
4295,4295,2
4296,4296,2
4297,4297,2
4298,4298,2
4299,4299,2
4300,4300,2
4301,4301,2
4302,4302,2
4303,4303,2
4304,4304,2
4305,4305,2
4306,4306,2
4307,4307,2
4308,4308,2
4309,4309,2
4310,4310,2
4311,4311,2
4312,4312,2
4313,4313,2
4314,4314,2
4315,4315,2
4316,4316,2
4317,4317,2
4318,4318,2
4319,4319,2
4320,4320,2
4321,4321,2
4322,4322,2
4323,4323,2
4324,4324,2
4325,4325,2
4326,4326,2
4327,4327,2
4328,4328,2
4329,4329,2
4330,4330,2
4331,4331,2
4332,4332,2
4333,4333,2
4334,4334,2
4335,4335,2
4336,4336,2
4337,4337,2
4338,4338,2
4339,4339,2
4340,4340,2
4341,4341,2
4342,4342,2
4343,4343,2
4344,4344,2
4345,4345,2
4346,4346,2
4347,4347,2
4348,4348,2
4349,4349,2
4350,4350,2
4351,4351,2
4352,4352,2
4353,4353,2
4354,4354,2
4355,4355,2
4356,4356,2
4357,4357,2
4358,4358,2
4359,4359,2
4360,4360,2
4361,4361,2
4362,4362,2
4363,4363,2
4364,4364,2
4365,4365,2
4366,4366,2
4367,4367,2
4368,4368,2
4369,4369,2
4370,4370,2
4371,4371,2
4372,4372,2
4373,4373,2
4374,4374,2
4375,4375,2
4376,4376,2
4377,4377,2
4378,4378,2
4379,4379,2
4380,4380,2
4381,4381,2
4382,4382,2
4383,4383,2
4384,4384,2
4385,4385,2
4386,4386,2
4387,4387,2
4388,4388,2
4389,4389,2
4390,4390,2
4391,4391,2
4392,4392,2
4393,4393,2
4394,4394,2
4395,4395,2
4396,4396,2
4397,4397,2
4398,4398,2
4399,4399,2
4400,4400,2
4401,4401,2
4402,4402,2
4403,4403,2
4404,4404,2
4405,4405,2
4406,4406,2
4407,4407,2
4408,4408,2
4409,4409,2
4410,4410,2
4411,4411,2
4412,4412,2
4413,4413,2
4414,4414,2
4415,4415,2
4416,4416,2
4417,4417,2
4418,4418,2
4419,4419,2
4420,4420,2
4421,4421,2
4422,4422,2
4423,4423,2
4424,4424,2
4425,4425,2
4426,4426,2
4427,4427,2
4428,4428,2
4429,4429,2
4430,4430,2
4431,4431,2
4432,4432,2
4433,4433,2
4434,4434,2
4435,4435,2
4436,4436,2
4437,4437,2
4438,4438,2
4439,4439,2
4440,4440,2
4441,4441,2
4442,4442,2
4443,4443,2
4444,4444,2
4445,4445,2
4446,4446,2
4447,4447,2
4448,4448,2
4449,4449,2
4450,4450,2
4451,4451,2
4452,4452,2
4453,4453,2
4454,4454,2
4455,4455,3
4456,4456,3
4457,4457,3
4458,4458,3
4459,4459,3
4460,4460,3
4461,4461,3
4462,4462,3
4463,4463,3
4464,4464,3
4465,4465,3
4466,4466,3
4467,4467,3
4468,4468,3
4469,4469,3
4470,4470,3
4471,4471,3
4472,4472,3
4473,4473,3
4474,4474,3
4475,4475,3
4476,4476,3
4477,4477,3
4478,4478,3
4479,4479,3
4480,4480,3
4481,4481,3
4482,4482,3
4483,4483,3
4484,4484,3
4485,4485,3
4486,4486,3
4487,4487,3
4488,4488,3
4489,4489,3
4490,4490,3
4491,4491,3
4492,4492,3
4493,4493,3
4494,4494,3
4495,4495,3
4496,4496,3
4497,4497,3
4498,4498,3
4499,4499,3
4500,4500,3
4501,4501,3
4502,4502,3
4503,4503,3
4504,4504,3
4505,4505,3
4506,4506,3
4507,4507,3
4508,4508,3
4509,4509,3
4510,4510,3
4511,4511,3
4512,4512,3
4513,4513,3
4514,4514,3
4515,4515,3
4516,4516,3
4517,4517,3
4518,4518,3
4519,4519,3
4520,4520,3
4521,4521,3
4522,4522,3
4523,4523,3
4524,4524,3
4525,4525,3
4526,4526,3
4527,4527,3
4528,4528,3
4529,4529,3
4530,4530,3
4531,4531,3
4532,4532,3
4533,4533,3
4534,4534,3
4535,4535,3
4536,4536,3
4537,4537,3
4538,4538,3
4539,4539,3
4540,4540,3
4541,4541,3
4542,4542,3
4543,4543,3
4544,4544,3
4545,4545,3
4546,4546,3
4547,4547,3
4548,4548,3
4549,4549,3
4550,4550,3
4551,4551,3
4552,4552,3
4553,4553,3
4554,4554,3
4555,4555,3
4556,4556,3
4557,4557,3
4558,4558,3
4559,4559,3
4560,4560,3
4561,4561,3
4562,4562,3
4563,4563,3
4564,4564,3
4565,4565,3
4566,4566,3
4567,4567,3
4568,4568,3
4569,4569,3
4570,4570,3
4571,4571,3
4572,4572,3
4573,4573,3
4574,4574,3
4575,4575,3
4576,4576,3
4577,4577,3
4578,4578,3
4579,4579,3
4580,4580,3
4581,4581,3
4582,4582,3
4583,4583,3
4584,4584,3
4585,4585,3
4586,4586,3
4587,4587,3
4588,4588,3
4589,4589,3
4590,4590,3
4591,4591,3
4592,4592,3
4593,4593,3
4594,4594,3
4595,4595,3
4596,4596,3
4597,4597,3
4598,4598,3
4599,4599,3
4600,4600,3
4601,4601,3
4602,4602,3
4603,4603,3
4604,4604,3
4605,4605,3
4606,4606,3
4607,4607,3
4608,4608,3
4609,4609,3
4610,4610,3
4611,4611,3
4612,4612,3
4613,4613,3
4614,4614,3
4615,4615,3
4616,4616,3
4617,4617,3
4618,4618,3
4619,4619,3
4620,4620,3
4621,4621,3
4622,4622,3
4623,4623,3
4624,4624,3
4625,4625,3
4626,4626,3
4627,4627,3
4628,4628,3
4629,4629,3
4630,4630,3
4631,4631,3
4632,4632,3
4633,4633,3
4634,4634,3
4635,4635,3
4636,4636,3
4637,4637,3
4638,4638,3
4639,4639,3
4640,4640,3
4641,4641,3
4642,4642,3
4643,4643,3
4644,4644,3
4645,4645,3
4646,4646,3
4647,4647,3
4648,4648,3
4649,4649,3
4650,4650,3
4651,4651,3
4652,4652,3
4653,4653,3
4654,4654,3
4655,4655,3
4656,4656,3
4657,4657,3
4658,4658,3
4659,4659,3
4660,4660,3
4661,4661,3
4662,4662,3
4663,4663,3
4664,4664,3
4665,4665,3
4666,4666,3
4667,4667,3
4668,4668,3
4669,4669,3
4670,4670,3
4671,4671,3
4672,4672,3
4673,4673,3
4674,4674,3
4675,4675,3
4676,4676,3
4677,4677,3
4678,4678,3
4679,4679,3
4680,4680,3
4681,4681,3
4682,4682,3
4683,4683,3
4684,4684,3
4685,4685,3
4686,4686,3
4687,4687,3
4688,4688,3
4689,4689,3
4690,4690,3
4691,4691,3
4692,4692,3
4693,4693,3
4694,4694,3
4695,4695,3
4696,4696,3
4697,4697,3
4698,4698,3
4699,4699,3
4700,4700,3
4701,4701,3
4702,4702,3
4703,4703,3
4704,4704,3
4705,4705,3
4706,4706,3
4707,4707,3
4708,4708,3
4709,4709,3
4710,4710,3
4711,4711,3
4712,4712,3
4713,4713,3
4714,4714,3
4715,4715,3
4716,4716,3
4717,4717,3
4718,4718,3
4719,4719,3
4720,4720,3
4721,4721,3
4722,4722,3
4723,4723,3
4724,4724,3
4725,4725,3
4726,4726,3
4727,4727,3
4728,4728,3
4729,4729,3
4730,4730,3
4731,4731,3
4732,4732,3
4733,4733,3
4734,4734,3
4735,4735,3
4736,4736,3
4737,4737,3
4738,4738,3
4739,4739,3
4740,4740,3
4741,4741,3
4742,4742,3
4743,4743,3
4744,4744,3
4745,4745,3
4746,4746,3
4747,4747,3
4748,4748,3
4749,4749,3
4750,4750,3
4751,4751,3
4752,4752,3
4753,4753,3
4754,4754,3
4755,4755,3
4756,4756,3
4757,4757,3
4758,4758,3
4759,4759,3
4760,4760,3
4761,4761,3
4762,4762,3
4763,4763,3
4764,4764,3
4765,4765,3
4766,4766,3
4767,4767,3
4768,4768,3
4769,4769,3
4770,4770,3
4771,4771,3
4772,4772,3
4773,4773,3
4774,4774,3
4775,4775,3
4776,4776,3
4777,4777,3
4778,4778,3
4779,4779,3
4780,4780,3
4781,4781,3
4782,4782,3
4783,4783,3
4784,4784,3
4785,4785,3
4786,4786,3
4787,4787,3
4788,4788,3
4789,4789,3
4790,4790,3
4791,4791,3
4792,4792,3
4793,4793,3
4794,4794,3
4795,4795,3
4796,4796,3
4797,4797,3
4798,4798,3
4799,4799,3
4800,4800,3
4801,4801,3
4802,4802,3
4803,4803,3
4804,4804,3
4805,4805,3
4806,4806,3
4807,4807,3
4808,4808,3
4809,4809,3
4810,4810,3
4811,4811,3
4812,4812,3
4813,4813,3
4814,4814,3
4815,4815,3
4816,4816,3
4817,4817,3
4818,4818,3
4819,4819,3
4820,4820,3
4821,4821,3
4822,4822,3
4823,4823,3
4824,4824,3
4825,4825,3
4826,4826,3
4827,4827,3
4828,4828,3
4829,4829,3
4830,4830,3
4831,4831,3
4832,4832,3
4833,4833,3
4834,4834,3
4835,4835,3
4836,4836,3
4837,4837,3
4838,4838,3
4839,4839,3
4840,4840,3
4841,4841,3
4842,4842,3
4843,4843,3
4844,4844,3
4845,4845,3
4846,4846,3
4847,4847,3
4848,4848,3
4849,4849,3
4850,4850,3
4851,4851,3
4852,4852,3
4853,4853,3
4854,4854,3
4855,4855,3
4856,4856,3
4857,4857,3
4858,4858,3
4859,4859,3
4860,4860,3
4861,4861,3
4862,4862,3
4863,4863,3
4864,4864,3
4865,4865,3
4866,4866,3
4867,4867,3
4868,4868,3
4869,4869,3
4870,4870,3
4871,4871,3
4872,4872,3
4873,4873,3
4874,4874,3
4875,4875,3
4876,4876,3
4877,4877,3
4878,4878,3
4879,4879,3
4880,4880,3
4881,4881,3
4882,4882,3
4883,4883,3
4884,4884,3
4885,4885,3
4886,4886,3
4887,4887,3
4888,4888,3
4889,4889,3
4890,4890,3
4891,4891,3
4892,4892,3
4893,4893,3
4894,4894,3
4895,4895,3
4896,4896,3
4897,4897,3
4898,4898,3
4899,4899,3
4900,4900,3
4901,4901,3
4902,4902,3
4903,4903,3
4904,4904,3
4905,4905,3
4906,4906,3
4907,4907,3
4908,4908,3
4909,4909,3
4910,4910,3
4911,4911,3
4912,4912,3
4913,4913,3
4914,4914,3
4915,4915,3
4916,4916,3
4917,4917,3
4918,4918,3
4919,4919,3
4920,4920,3
4921,4921,3
4922,4922,3
4923,4923,3
4924,4924,3
4925,4925,3
4926,4926,3
4927,4927,3
4928,4928,3
4929,4929,3
4930,4930,3
4931,4931,3
4932,4932,3
4933,4933,3
4934,4934,3
4935,4935,3
4936,4936,3
4937,4937,3
4938,4938,3
4939,4939,3
4940,4940,3
4941,4941,3
4942,4942,3
4943,4943,3
4944,4944,3
4945,4945,3
4946,4946,3
4947,4947,3
4948,4948,3
4949,4949,3
4950,4950,3
4951,4951,3
4952,4952,3
4953,4953,3
4954,4954,3
4955,4955,3
4956,4956,3
4957,4957,3
4958,4958,3
4959,4959,3
4960,4960,3
4961,4961,3
4962,4962,3
4963,4963,3
4964,4964,3
4965,4965,3
4966,4966,3
4967,4967,1
4968,4968,1
4969,4969,1
4970,4970,1
4971,4971,1
4972,4972,1
4973,4973,1
4974,4974,1
4975,4975,1
4976,4976,1
4977,4977,1
4978,4978,1
4979,4979,1
4980,4980,1
4981,4981,1
4982,4982,1
4983,4983,1
4984,4984,1
4985,4985,1
4986,4986,1
4987,4987,1
4988,4988,1
4989,4989,1
4990,4990,1
4991,4991,1
4992,4992,1
4993,4993,1
4994,4994,1
4995,4995,1
4996,4996,1
4997,4997,1
4998,4998,1
4999,4999,1
5000,5000,1
5001,5001,1
5002,5002,1
5003,5003,1
5004,5004,1
5005,5005,1
5006,5006,1
5007,5007,1
5008,5008,1
5009,5009,1
5010,5010,1
5011,5011,1
5012,5012,1
5013,5013,1
5014,5014,1
5015,5015,1
5016,5016,1
5017,5017,1
5018,5018,1
5019,5019,1
5020,5020,1
5021,5021,1
5022,5022,1
5023,5023,1
5024,5024,1
5025,5025,1
5026,5026,1
5027,5027,1
5028,5028,1
5029,5029,1
5030,5030,1
5031,5031,1
5032,5032,1
5033,5033,1
5034,5034,1
5035,5035,1
5036,5036,1
5037,5037,1
5038,5038,1
5039,5039,1
5040,5040,1
5041,5041,1
5042,5042,1
5043,5043,1
5044,5044,1
5045,5045,1
5046,5046,1
5047,5047,1
5048,5048,1
5049,5049,1
5050,5050,1
5051,5051,1
5052,5052,1
5053,5053,1
5054,5054,1
5055,5055,1
5056,5056,1
5057,5057,1
5058,5058,1
5059,5059,1
5060,5060,1
5061,5061,1
5062,5062,1
5063,5063,1
5064,5064,1
5065,5065,1
5066,5066,1
5067,5067,1
5068,5068,1
5069,5069,1
5070,5070,1
5071,5071,1
5072,5072,1
5073,5073,1
5074,5074,1
5075,5075,1
5076,5076,1
5077,5077,1
5078,5078,1
5079,5079,1
5080,5080,1
5081,5081,1
5082,5082,1
5083,5083,1
5084,5084,1
5085,5085,1
5086,5086,1
5087,5087,1
5088,5088,1
5089,5089,1
5090,5090,1
5091,5091,1
5092,5092,1
5093,5093,1
5094,5094,1
5095,5095,1
5096,5096,1
5097,5097,1
5098,5098,1
5099,5099,1
5100,5100,1
5101,5101,1
5102,5102,1
5103,5103,1
5104,5104,1
5105,5105,1
5106,5106,1
5107,5107,1
5108,5108,1
5109,5109,1
5110,5110,1
5111,5111,1
5112,5112,1
5113,5113,1
5114,5114,1
5115,5115,1
5116,5116,1
5117,5117,1
5118,5118,1
5119,5119,1
5120,5120,1
5121,5121,1
5122,5122,1
5123,5123,1
5124,5124,1
5125,5125,1
5126,5126,1
5127,5127,1
5128,5128,1
5129,5129,1
5130,5130,1
5131,5131,1
5132,5132,1
5133,5133,1
5134,5134,1
5135,5135,1
5136,5136,1
5137,5137,1
5138,5138,1
5139,5139,1
5140,5140,1
5141,5141,1
5142,5142,1
5143,5143,1
5144,5144,1
5145,5145,1
5146,5146,1
5147,5147,1
5148,5148,1
5149,5149,1
5150,5150,1
5151,5151,1
5152,5152,1
5153,5153,1
5154,5154,1
5155,5155,1
5156,5156,1
5157,5157,1
5158,5158,1
5159,5159,1
5160,5160,1
5161,5161,1
5162,5162,1
5163,5163,1
5164,5164,1
5165,5165,1
5166,5166,1
5167,5167,1
5168,5168,1
5169,5169,1
5170,5170,1
5171,5171,1
5172,5172,1
5173,5173,1
5174,5174,1
5175,5175,1
5176,5176,1
5177,5177,1
5178,5178,1
5179,5179,1
5180,5180,1
5181,5181,1
5182,5182,1
5183,5183,1
5184,5184,1
5185,5185,1
5186,5186,1
5187,5187,1
5188,5188,1
5189,5189,1
5190,5190,1
5191,5191,1
5192,5192,1
5193,5193,1
5194,5194,1
5195,5195,1
5196,5196,1
5197,5197,1
5198,5198,1
5199,5199,1
5200,5200,1
5201,5201,1
5202,5202,1
5203,5203,1
5204,5204,1
5205,5205,1
5206,5206,1
5207,5207,1
5208,5208,1
5209,5209,1
5210,5210,1
5211,5211,1
5212,5212,1
5213,5213,1
5214,5214,1
5215,5215,1
5216,5216,1
5217,5217,1
5218,5218,1
5219,5219,1
5220,5220,1
5221,5221,1
5222,5222,1
5223,5223,1
5224,5224,1
5225,5225,1
5226,5226,1
5227,5227,1
5228,5228,1
5229,5229,1
5230,5230,1
5231,5231,1
5232,5232,1
5233,5233,1
5234,5234,1
5235,5235,1
5236,5236,1
5237,5237,1
5238,5238,1
5239,5239,1
5240,5240,1
5241,5241,1
5242,5242,1
5243,5243,1
5244,5244,1
5245,5245,1
5246,5246,1
5247,5247,1
5248,5248,1
5249,5249,1
5250,5250,1
5251,5251,1
5252,5252,1
5253,5253,1
5254,5254,1
5255,5255,1
5256,5256,1
5257,5257,1
5258,5258,1
5259,5259,1
5260,5260,1
5261,5261,1
5262,5262,1
5263,5263,1
5264,5264,1
5265,5265,1
5266,5266,1
5267,5267,1
5268,5268,1
5269,5269,1
5270,5270,1
5271,5271,1
5272,5272,1
5273,5273,1
5274,5274,1
5275,5275,1
5276,5276,1
5277,5277,1
5278,5278,1
5279,5279,1
5280,5280,1
5281,5281,1
5282,5282,1
5283,5283,1
5284,5284,1
5285,5285,1
5286,5286,1
5287,5287,1
5288,5288,1
5289,5289,1
5290,5290,1
5291,5291,1
5292,5292,1
5293,5293,1
5294,5294,1
5295,5295,1
5296,5296,1
5297,5297,1
5298,5298,1
5299,5299,1
5300,5300,1
5301,5301,1
5302,5302,1
5303,5303,1
5304,5304,1
5305,5305,1
5306,5306,1
5307,5307,1
5308,5308,1
5309,5309,1
5310,5310,1
5311,5311,1
5312,5312,1
5313,5313,1
5314,5314,1
5315,5315,1
5316,5316,1
5317,5317,1
5318,5318,1
5319,5319,1
5320,5320,1
5321,5321,1
5322,5322,1
5323,5323,1
5324,5324,1
5325,5325,1
5326,5326,1
5327,5327,1
5328,5328,1
5329,5329,1
5330,5330,1
5331,5331,1
5332,5332,1
5333,5333,1
5334,5334,1
5335,5335,1
5336,5336,1
5337,5337,1
5338,5338,1
5339,5339,1
5340,5340,1
5341,5341,1
5342,5342,1
5343,5343,1
5344,5344,1
5345,5345,1
5346,5346,1
5347,5347,1
5348,5348,1
5349,5349,1
5350,5350,1
5351,5351,1
5352,5352,1
5353,5353,1
5354,5354,1
5355,5355,1
5356,5356,1
5357,5357,1
5358,5358,1
5359,5359,1
5360,5360,1
5361,5361,1
5362,5362,1
5363,5363,1
5364,5364,1
5365,5365,1
5366,5366,1
5367,5367,1
5368,5368,1
5369,5369,1
5370,5370,1
5371,5371,1
5372,5372,1
5373,5373,1
5374,5374,1
5375,5375,1
5376,5376,1
5377,5377,1
5378,5378,1
5379,5379,1
5380,5380,1
5381,5381,1
5382,5382,1
5383,5383,1
5384,5384,1
5385,5385,1
5386,5386,1
5387,5387,1
5388,5388,1
5389,5389,1
5390,5390,1
5391,5391,1
5392,5392,1
5393,5393,1
5394,5394,1
5395,5395,1
5396,5396,1
5397,5397,1
5398,5398,1
5399,5399,1
5400,5400,1
5401,5401,1
5402,5402,1
5403,5403,1
5404,5404,1
5405,5405,1
5406,5406,1
5407,5407,1
5408,5408,1
5409,5409,1
5410,5410,1
5411,5411,1
5412,5412,1
5413,5413,1
5414,5414,1
5415,5415,1
5416,5416,1
5417,5417,1
5418,5418,1
5419,5419,1
5420,5420,1
5421,5421,1
5422,5422,1
5423,5423,1
5424,5424,1
5425,5425,1
5426,5426,1
5427,5427,1
5428,5428,1
5429,5429,1
5430,5430,1
5431,5431,1
5432,5432,1
5433,5433,1
5434,5434,1
5435,5435,1
5436,5436,1
5437,5437,1
5438,5438,1
5439,5439,1
5440,5440,1
5441,5441,1
5442,5442,1
5443,5443,1
5444,5444,1
5445,5445,1
5446,5446,1
5447,5447,1
5448,5448,1
5449,5449,1
5450,5450,1
5451,5451,1
5452,5452,1
5453,5453,1
5454,5454,1
5455,5455,1
5456,5456,1
5457,5457,1
5458,5458,1
5459,5459,1
5460,5460,1
5461,5461,1
5462,5462,1
5463,5463,1
5464,5464,1
5465,5465,1
5466,5466,1
5467,5467,1
5468,5468,1
5469,5469,1
5470,5470,1
5471,5471,1
5472,5472,1
5473,5473,1
5474,5474,1
5475,5475,1
5476,5476,1
5477,5477,1
5478,5478,1
5479,5479,0
5480,5480,0
5481,5481,0
5482,5482,0
5483,5483,0
5484,5484,0
5485,5485,0
5486,5486,0
5487,5487,0
5488,5488,0
5489,5489,0
5490,5490,0
5491,5491,0
5492,5492,0
5493,5493,0
5494,5494,0
5495,5495,0
5496,5496,0
5497,5497,0
5498,5498,0
5499,5499,0
5500,5500,0
5501,5501,0
5502,5502,0
5503,5503,0
5504,5504,0
5505,5505,0
5506,5506,0
5507,5507,0
5508,5508,0
5509,5509,0
5510,5510,0
5511,5511,0
5512,5512,0
5513,5513,0
5514,5514,0
5515,5515,0
5516,5516,0
5517,5517,0
5518,5518,0
5519,5519,0
5520,5520,0
5521,5521,0
5522,5522,0
5523,5523,0
5524,5524,0
5525,5525,0
5526,5526,0
5527,5527,0
5528,5528,0
5529,5529,0
5530,5530,0
5531,5531,0
5532,5532,0
5533,5533,0
5534,5534,0
5535,5535,0
5536,5536,0
5537,5537,0
5538,5538,0
5539,5539,0
5540,5540,0
5541,5541,0
5542,5542,0
5543,5543,0
5544,5544,0
5545,5545,0
5546,5546,0
5547,5547,0
5548,5548,0
5549,5549,0
5550,5550,0
5551,5551,0
5552,5552,0
5553,5553,0
5554,5554,0
5555,5555,0
5556,5556,0
5557,5557,0
5558,5558,0
5559,5559,0
5560,5560,0
5561,5561,0
5562,5562,0
5563,5563,0
5564,5564,0
5565,5565,0
5566,5566,0
5567,5567,0
5568,5568,0
5569,5569,0
5570,5570,0
5571,5571,0
5572,5572,0
5573,5573,0
5574,5574,0
5575,5575,0
5576,5576,0
5577,5577,0
5578,5578,0
5579,5579,0
5580,5580,0
5581,5581,0
5582,5582,0
5583,5583,0
5584,5584,0
5585,5585,0
5586,5586,0
5587,5587,0
5588,5588,0
5589,5589,0
5590,5590,0
5591,5591,0
5592,5592,0
5593,5593,0
5594,5594,0
5595,5595,0
5596,5596,0
5597,5597,0
5598,5598,0
5599,5599,0
5600,5600,0
5601,5601,0
5602,5602,0
5603,5603,0
5604,5604,0
5605,5605,0
5606,5606,0
5607,5607,0
5608,5608,0
5609,5609,0
5610,5610,0
5611,5611,0
5612,5612,0
5613,5613,0
5614,5614,0
5615,5615,0
5616,5616,0
5617,5617,0
5618,5618,0
5619,5619,0
5620,5620,0
5621,5621,0
5622,5622,0
5623,5623,0
5624,5624,0
5625,5625,0
5626,5626,0
5627,5627,0
5628,5628,0
5629,5629,0
5630,5630,0
5631,5631,0
5632,5632,0
5633,5633,0
5634,5634,0
5635,5635,0
5636,5636,0
5637,5637,0
5638,5638,0
5639,5639,0
5640,5640,0
5641,5641,0
5642,5642,0
5643,5643,0
5644,5644,0
5645,5645,0
5646,5646,0
5647,5647,0
5648,5648,0
5649,5649,0
5650,5650,0
5651,5651,0
5652,5652,0
5653,5653,0
5654,5654,0
5655,5655,0
5656,5656,0
5657,5657,0
5658,5658,0
5659,5659,0
5660,5660,0
5661,5661,0
5662,5662,0
5663,5663,0
5664,5664,0
5665,5665,0
5666,5666,0
5667,5667,0
5668,5668,0
5669,5669,0
5670,5670,0
5671,5671,0
5672,5672,0
5673,5673,0
5674,5674,0
5675,5675,0
5676,5676,0
5677,5677,0
5678,5678,0
5679,5679,0
5680,5680,0
5681,5681,0
5682,5682,0
5683,5683,0
5684,5684,0
5685,5685,0
5686,5686,0
5687,5687,0
5688,5688,0
5689,5689,0
5690,5690,0
5691,5691,0
5692,5692,0
5693,5693,0
5694,5694,0
5695,5695,0
5696,5696,0
5697,5697,0
5698,5698,0
5699,5699,0
5700,5700,0
5701,5701,0
5702,5702,0
5703,5703,0
5704,5704,0
5705,5705,0
5706,5706,0
5707,5707,0
5708,5708,0
5709,5709,0
5710,5710,0
5711,5711,0
5712,5712,0
5713,5713,0
5714,5714,0
5715,5715,0
5716,5716,0
5717,5717,0
5718,5718,0
5719,5719,0
5720,5720,0
5721,5721,0
5722,5722,0
5723,5723,0
5724,5724,0
5725,5725,0
5726,5726,0
5727,5727,0
5728,5728,0
5729,5729,0
5730,5730,0
5731,5731,0
5732,5732,0
5733,5733,0
5734,5734,0
5735,5735,0
5736,5736,0
5737,5737,0
5738,5738,0
5739,5739,0
5740,5740,0
5741,5741,0
5742,5742,0
5743,5743,0
5744,5744,0
5745,5745,0
5746,5746,0
5747,5747,0
5748,5748,0
5749,5749,0
5750,5750,0
5751,5751,0
5752,5752,0
5753,5753,0
5754,5754,0
5755,5755,0
5756,5756,0
5757,5757,0
5758,5758,0
5759,5759,0
5760,5760,0
5761,5761,0
5762,5762,0
5763,5763,0
5764,5764,0
5765,5765,0
5766,5766,0
5767,5767,0
5768,5768,0
5769,5769,0
5770,5770,0
5771,5771,0
5772,5772,0
5773,5773,0
5774,5774,0
5775,5775,0
5776,5776,0
5777,5777,0
5778,5778,0
5779,5779,0
5780,5780,0
5781,5781,0
5782,5782,0
5783,5783,0
5784,5784,0
5785,5785,0
5786,5786,0
5787,5787,0
5788,5788,0
5789,5789,0
5790,5790,0
5791,5791,0
5792,5792,0
5793,5793,0
5794,5794,0
5795,5795,0
5796,5796,0
5797,5797,0
5798,5798,0
5799,5799,0
5800,5800,0
5801,5801,0
5802,5802,0
5803,5803,0
5804,5804,0
5805,5805,0
5806,5806,0
5807,5807,0
5808,5808,0
5809,5809,0
5810,5810,0
5811,5811,0
5812,5812,0
5813,5813,0
5814,5814,0
5815,5815,0
5816,5816,0
5817,5817,0
5818,5818,0
5819,5819,0
5820,5820,0
5821,5821,0
5822,5822,0
5823,5823,0
5824,5824,0
5825,5825,0
5826,5826,0
5827,5827,0
5828,5828,0
5829,5829,0
5830,5830,0
5831,5831,0
5832,5832,0
5833,5833,0
5834,5834,0
5835,5835,0
5836,5836,0
5837,5837,0
5838,5838,0
5839,5839,0
5840,5840,0
5841,5841,0
5842,5842,0
5843,5843,0
5844,5844,0
5845,5845,0
5846,5846,0
5847,5847,0
5848,5848,0
5849,5849,0
5850,5850,0
5851,5851,0
5852,5852,0
5853,5853,0
5854,5854,0
5855,5855,0
5856,5856,0
5857,5857,0
5858,5858,0
5859,5859,0
5860,5860,0
5861,5861,0
5862,5862,0
5863,5863,0
5864,5864,0
5865,5865,0
5866,5866,0
5867,5867,0
5868,5868,0
5869,5869,0
5870,5870,0
5871,5871,0
5872,5872,0
5873,5873,0
5874,5874,0
5875,5875,0
5876,5876,0
5877,5877,0
5878,5878,0
5879,5879,0
5880,5880,0
5881,5881,0
5882,5882,0
5883,5883,0
5884,5884,0
5885,5885,0
5886,5886,0
5887,5887,0
5888,5888,0
5889,5889,0
5890,5890,0
5891,5891,0
5892,5892,0
5893,5893,0
5894,5894,0
5895,5895,0
5896,5896,0
5897,5897,0
5898,5898,0
5899,5899,0
5900,5900,0
5901,5901,0
5902,5902,0
5903,5903,0
5904,5904,0
5905,5905,0
5906,5906,0
5907,5907,0
5908,5908,0
5909,5909,0
5910,5910,0
5911,5911,0
5912,5912,0
5913,5913,0
5914,5914,0
5915,5915,0
5916,5916,0
5917,5917,0
5918,5918,0
5919,5919,0
5920,5920,0
5921,5921,0
5922,5922,0
5923,5923,0
5924,5924,0
5925,5925,0
5926,5926,0
5927,5927,0
5928,5928,0
5929,5929,0
5930,5930,0
5931,5931,0
5932,5932,0
5933,5933,0
5934,5934,0
5935,5935,0
5936,5936,0
5937,5937,0
5938,5938,0
5939,5939,0
5940,5940,0
5941,5941,0
5942,5942,0
5943,5943,0
5944,5944,0
5945,5945,0
5946,5946,0
5947,5947,0
5948,5948,0
5949,5949,0
5950,5950,0
5951,5951,0
5952,5952,0
5953,5953,0
5954,5954,0
5955,5955,0
5956,5956,0
5957,5957,0
5958,5958,0
5959,5959,0
5960,5960,0
5961,5961,0
5962,5962,0
5963,5963,0
5964,5964,0
5965,5965,0
5966,5966,0
5967,5967,0
5968,5968,0
5969,5969,0
5970,5970,0
5971,5971,0
5972,5972,0
5973,5973,0
5974,5974,0
5975,5975,0
5976,5976,0
5977,5977,0
5978,5978,0
5979,5979,0
5980,5980,0
5981,5981,0
5982,5982,0
5983,5983,0
5984,5984,0
5985,5985,0
5986,5986,0
5987,5987,0
5988,5988,0
5989,5989,0
5990,5990,0
5991,5991,19
5992,5992,19
5993,5993,19
5994,5994,19
5995,5995,19
5996,5996,19
5997,5997,19
5998,5998,19
5999,5999,19
6000,6000,19
6001,6001,19
6002,6002,19
6003,6003,19
6004,6004,19
6005,6005,19
6006,6006,19
6007,6007,19
6008,6008,19
6009,6009,19
6010,6010,19
6011,6011,19
6012,6012,19
6013,6013,19
6014,6014,19
6015,6015,19
6016,6016,19
6017,6017,19
6018,6018,19
6019,6019,19
6020,6020,19
6021,6021,19
6022,6022,19
6023,6023,19
6024,6024,19
6025,6025,19
6026,6026,19
6027,6027,19
6028,6028,19
6029,6029,19
6030,6030,19
6031,6031,19
6032,6032,19
6033,6033,19
6034,6034,19
6035,6035,19
6036,6036,19
6037,6037,19
6038,6038,19
6039,6039,19
6040,6040,19
6041,6041,19
6042,6042,19
6043,6043,19
6044,6044,19
6045,6045,19
6046,6046,19
6047,6047,19
6048,6048,19
6049,6049,19
6050,6050,19
6051,6051,19
6052,6052,19
6053,6053,19
6054,6054,19
6055,6055,19
6056,6056,19
6057,6057,19
6058,6058,19
6059,6059,19
6060,6060,19
6061,6061,19
6062,6062,19
6063,6063,19
6064,6064,19
6065,6065,19
6066,6066,19
6067,6067,19
6068,6068,19
6069,6069,19
6070,6070,19
6071,6071,19
6072,6072,19
6073,6073,19
6074,6074,19
6075,6075,19
6076,6076,19
6077,6077,19
6078,6078,19
6079,6079,19
6080,6080,19
6081,6081,19
6082,6082,19
6083,6083,19
6084,6084,19
6085,6085,19
6086,6086,19
6087,6087,19
6088,6088,19
6089,6089,19
6090,6090,19
6091,6091,19
6092,6092,19
6093,6093,19
6094,6094,19
6095,6095,19
6096,6096,19
6097,6097,19
6098,6098,19
6099,6099,19
6100,6100,19
6101,6101,19
6102,6102,19
6103,6103,19
6104,6104,19
6105,6105,19
6106,6106,19
6107,6107,19
6108,6108,19
6109,6109,19
6110,6110,19
6111,6111,19
6112,6112,19
6113,6113,19
6114,6114,19
6115,6115,19
6116,6116,19
6117,6117,19
6118,6118,19
6119,6119,19
6120,6120,19
6121,6121,19
6122,6122,19
6123,6123,19
6124,6124,19
6125,6125,19
6126,6126,19
6127,6127,19
6128,6128,19
6129,6129,19
6130,6130,19
6131,6131,19
6132,6132,19
6133,6133,19
6134,6134,19
6135,6135,19
6136,6136,19
6137,6137,19
6138,6138,19
6139,6139,19
6140,6140,19
6141,6141,19
6142,6142,19
6143,6143,19
6144,6144,19
6145,6145,19
6146,6146,19
6147,6147,19
6148,6148,19
6149,6149,19
6150,6150,19
6151,6151,19
6152,6152,19
6153,6153,19
6154,6154,19
6155,6155,19
6156,6156,19
6157,6157,19
6158,6158,19
6159,6159,19
6160,6160,19
6161,6161,19
6162,6162,19
6163,6163,19
6164,6164,19
6165,6165,19
6166,6166,19
6167,6167,19
6168,6168,19
6169,6169,19
6170,6170,19
6171,6171,19
6172,6172,19
6173,6173,19
6174,6174,19
6175,6175,19
6176,6176,19
6177,6177,19
6178,6178,19
6179,6179,19
6180,6180,19
6181,6181,19
6182,6182,19
6183,6183,19
6184,6184,19
6185,6185,19
6186,6186,19
6187,6187,19
6188,6188,19
6189,6189,19
6190,6190,19
6191,6191,19
6192,6192,19
6193,6193,19
6194,6194,19
6195,6195,19
6196,6196,19
6197,6197,19
6198,6198,19
6199,6199,19
6200,6200,19
6201,6201,19
6202,6202,19
6203,6203,19
6204,6204,19
6205,6205,19
6206,6206,19
6207,6207,19
6208,6208,19
6209,6209,19
6210,6210,19
6211,6211,19
6212,6212,19
6213,6213,19
6214,6214,19
6215,6215,19
6216,6216,19
6217,6217,19
6218,6218,19
6219,6219,19
6220,6220,19
6221,6221,19
6222,6222,19
6223,6223,19
6224,6224,19
6225,6225,19
6226,6226,19
6227,6227,19
6228,6228,19
6229,6229,19
6230,6230,19
6231,6231,19
6232,6232,19
6233,6233,19
6234,6234,19
6235,6235,19
6236,6236,19
6237,6237,19
6238,6238,19
6239,6239,19
6240,6240,19
6241,6241,19
6242,6242,19
6243,6243,19
6244,6244,19
6245,6245,19
6246,6246,19
6247,6247,11
6248,6248,11
6249,6249,11
6250,6250,11
6251,6251,11
6252,6252,11
6253,6253,11
6254,6254,11
6255,6255,11
6256,6256,11
6257,6257,11
6258,6258,11
6259,6259,11
6260,6260,11
6261,6261,11
6262,6262,11
6263,6263,11
6264,6264,11
6265,6265,11
6266,6266,11
6267,6267,11
6268,6268,11
6269,6269,11
6270,6270,11
6271,6271,11
6272,6272,11
6273,6273,11
6274,6274,11
6275,6275,11
6276,6276,11
6277,6277,11
6278,6278,11
6279,6279,11
6280,6280,11
6281,6281,11
6282,6282,11
6283,6283,11
6284,6284,11
6285,6285,11
6286,6286,11
6287,6287,11
6288,6288,11
6289,6289,11
6290,6290,11
6291,6291,11
6292,6292,11
6293,6293,11
6294,6294,11
6295,6295,11
6296,6296,11
6297,6297,11
6298,6298,11
6299,6299,11
6300,6300,11
6301,6301,11
6302,6302,11
6303,6303,11
6304,6304,11
6305,6305,11
6306,6306,11
6307,6307,11
6308,6308,11
6309,6309,11
6310,6310,11
6311,6311,11
6312,6312,11
6313,6313,11
6314,6314,11
6315,6315,11
6316,6316,11
6317,6317,11
6318,6318,11
6319,6319,11
6320,6320,11
6321,6321,11
6322,6322,11
6323,6323,11
6324,6324,11
6325,6325,11
6326,6326,11
6327,6327,11
6328,6328,11
6329,6329,11
6330,6330,11
6331,6331,11
6332,6332,11
6333,6333,11
6334,6334,11
6335,6335,11
6336,6336,11
6337,6337,11
6338,6338,11
6339,6339,11
6340,6340,11
6341,6341,11
6342,6342,11
6343,6343,11
6344,6344,11
6345,6345,11
6346,6346,11
6347,6347,11
6348,6348,11
6349,6349,11
6350,6350,11
6351,6351,11
6352,6352,11
6353,6353,11
6354,6354,11
6355,6355,11
6356,6356,11
6357,6357,11
6358,6358,11
6359,6359,11
6360,6360,11
6361,6361,11
6362,6362,11
6363,6363,11
6364,6364,11
6365,6365,11
6366,6366,11
6367,6367,11
6368,6368,11
6369,6369,11
6370,6370,11
6371,6371,11
6372,6372,11
6373,6373,11
6374,6374,11
6375,6375,11
6376,6376,11
6377,6377,11
6378,6378,11
6379,6379,11
6380,6380,11
6381,6381,11
6382,6382,11
6383,6383,11
6384,6384,11
6385,6385,11
6386,6386,11
6387,6387,11
6388,6388,11
6389,6389,11
6390,6390,11
6391,6391,11
6392,6392,11
6393,6393,11
6394,6394,11
6395,6395,11
6396,6396,11
6397,6397,11
6398,6398,11
6399,6399,11
6400,6400,11
6401,6401,11
6402,6402,11
6403,6403,11
6404,6404,11
6405,6405,11
6406,6406,11
6407,6407,11
6408,6408,11
6409,6409,11
6410,6410,11
6411,6411,11
6412,6412,11
6413,6413,11
6414,6414,11
6415,6415,11
6416,6416,11
6417,6417,11
6418,6418,11
6419,6419,11
6420,6420,11
6421,6421,11
6422,6422,11
6423,6423,11
6424,6424,11
6425,6425,11
6426,6426,11
6427,6427,11
6428,6428,11
6429,6429,11
6430,6430,11
6431,6431,11
6432,6432,11
6433,6433,11
6434,6434,11
6435,6435,11
6436,6436,11
6437,6437,11
6438,6438,11
6439,6439,11
6440,6440,11
6441,6441,11
6442,6442,11
6443,6443,11
6444,6444,11
6445,6445,11
6446,6446,11
6447,6447,11
6448,6448,11
6449,6449,11
6450,6450,11
6451,6451,11
6452,6452,11
6453,6453,11
6454,6454,11
6455,6455,11
6456,6456,11
6457,6457,11
6458,6458,11
6459,6459,11
6460,6460,11
6461,6461,11
6462,6462,11
6463,6463,11
6464,6464,11
6465,6465,11
6466,6466,11
6467,6467,11
6468,6468,11
6469,6469,11
6470,6470,11
6471,6471,11
6472,6472,11
6473,6473,11
6474,6474,11
6475,6475,11
6476,6476,11
6477,6477,11
6478,6478,11
6479,6479,11
6480,6480,11
6481,6481,11
6482,6482,11
6483,6483,11
6484,6484,11
6485,6485,11
6486,6486,11
6487,6487,11
6488,6488,11
6489,6489,11
6490,6490,11
6491,6491,11
6492,6492,11
6493,6493,11
6494,6494,11
6495,6495,11
6496,6496,11
6497,6497,11
6498,6498,11
6499,6499,11
6500,6500,11
6501,6501,11
6502,6502,11
6503,6503,18
6504,6504,18
6505,6505,18
6506,6506,18
6507,6507,18
6508,6508,18
6509,6509,18
6510,6510,18
6511,6511,18
6512,6512,18
6513,6513,18
6514,6514,18
6515,6515,18
6516,6516,18
6517,6517,18
6518,6518,18
6519,6519,18
6520,6520,18
6521,6521,18
6522,6522,18
6523,6523,18
6524,6524,18
6525,6525,18
6526,6526,18
6527,6527,18
6528,6528,18
6529,6529,18
6530,6530,18
6531,6531,18
6532,6532,18
6533,6533,18
6534,6534,18
6535,6535,18
6536,6536,18
6537,6537,18
6538,6538,18
6539,6539,18
6540,6540,18
6541,6541,18
6542,6542,18
6543,6543,18
6544,6544,18
6545,6545,18
6546,6546,18
6547,6547,18
6548,6548,18
6549,6549,18
6550,6550,18
6551,6551,18
6552,6552,18
6553,6553,18
6554,6554,18
6555,6555,18
6556,6556,18
6557,6557,18
6558,6558,18
6559,6559,18
6560,6560,18
6561,6561,18
6562,6562,18
6563,6563,18
6564,6564,18
6565,6565,18
6566,6566,18
6567,6567,18
6568,6568,18
6569,6569,18
6570,6570,18
6571,6571,18
6572,6572,18
6573,6573,18
6574,6574,18
6575,6575,18
6576,6576,18
6577,6577,18
6578,6578,18
6579,6579,18
6580,6580,18
6581,6581,18
6582,6582,18
6583,6583,18
6584,6584,18
6585,6585,18
6586,6586,18
6587,6587,18
6588,6588,18
6589,6589,18
6590,6590,18
6591,6591,18
6592,6592,18
6593,6593,18
6594,6594,18
6595,6595,18
6596,6596,18
6597,6597,18
6598,6598,18
6599,6599,18
6600,6600,18
6601,6601,18
6602,6602,18
6603,6603,18
6604,6604,18
6605,6605,18
6606,6606,18
6607,6607,18
6608,6608,18
6609,6609,18
6610,6610,18
6611,6611,18
6612,6612,18
6613,6613,18
6614,6614,18
6615,6615,18
6616,6616,18
6617,6617,18
6618,6618,18
6619,6619,18
6620,6620,18
6621,6621,18
6622,6622,18
6623,6623,18
6624,6624,18
6625,6625,18
6626,6626,18
6627,6627,18
6628,6628,18
6629,6629,18
6630,6630,18
6631,6631,18
6632,6632,18
6633,6633,18
6634,6634,18
6635,6635,18
6636,6636,18
6637,6637,18
6638,6638,18
6639,6639,18
6640,6640,18
6641,6641,18
6642,6642,18
6643,6643,18
6644,6644,18
6645,6645,18
6646,6646,18
6647,6647,18
6648,6648,18
6649,6649,18
6650,6650,18
6651,6651,18
6652,6652,18
6653,6653,18
6654,6654,18
6655,6655,18
6656,6656,18
6657,6657,18
6658,6658,18
6659,6659,18
6660,6660,18
6661,6661,18
6662,6662,18
6663,6663,18
6664,6664,18
6665,6665,18
6666,6666,18
6667,6667,18
6668,6668,18
6669,6669,18
6670,6670,18
6671,6671,18
6672,6672,18
6673,6673,18
6674,6674,18
6675,6675,18
6676,6676,18
6677,6677,18
6678,6678,18
6679,6679,18
6680,6680,18
6681,6681,18
6682,6682,18
6683,6683,18
6684,6684,18
6685,6685,18
6686,6686,18
6687,6687,18
6688,6688,18
6689,6689,18
6690,6690,18
6691,6691,18
6692,6692,18
6693,6693,18
6694,6694,18
6695,6695,18
6696,6696,18
6697,6697,18
6698,6698,18
6699,6699,18
6700,6700,18
6701,6701,18
6702,6702,18
6703,6703,18
6704,6704,18
6705,6705,18
6706,6706,18
6707,6707,18
6708,6708,18
6709,6709,18
6710,6710,18
6711,6711,18
6712,6712,18
6713,6713,18
6714,6714,18
6715,6715,18
6716,6716,18
6717,6717,18
6718,6718,18
6719,6719,18
6720,6720,18
6721,6721,18
6722,6722,18
6723,6723,18
6724,6724,18
6725,6725,18
6726,6726,18
6727,6727,18
6728,6728,18
6729,6729,18
6730,6730,18
6731,6731,18
6732,6732,18
6733,6733,18
6734,6734,18
6735,6735,18
6736,6736,18
6737,6737,18
6738,6738,18
6739,6739,18
6740,6740,18
6741,6741,18
6742,6742,18
6743,6743,18
6744,6744,18
6745,6745,18
6746,6746,18
6747,6747,18
6748,6748,18
6749,6749,18
6750,6750,18
6751,6751,18
6752,6752,18
6753,6753,18
6754,6754,18
6755,6755,18
6756,6756,18
6757,6757,18
6758,6758,18
6759,6759,9
6760,6760,9
6761,6761,9
6762,6762,9
6763,6763,9
6764,6764,9
6765,6765,9
6766,6766,9
6767,6767,9
6768,6768,9
6769,6769,9
6770,6770,9
6771,6771,9
6772,6772,9
6773,6773,9
6774,6774,9
6775,6775,9
6776,6776,9
6777,6777,9
6778,6778,9
6779,6779,9
6780,6780,9
6781,6781,9
6782,6782,9
6783,6783,9
6784,6784,9
6785,6785,9
6786,6786,9
6787,6787,9
6788,6788,9
6789,6789,9
6790,6790,9
6791,6791,9
6792,6792,9
6793,6793,9
6794,6794,9
6795,6795,9
6796,6796,9
6797,6797,9
6798,6798,9
6799,6799,9
6800,6800,9
6801,6801,9
6802,6802,9
6803,6803,9
6804,6804,9
6805,6805,9
6806,6806,9
6807,6807,9
6808,6808,9
6809,6809,9
6810,6810,9
6811,6811,9
6812,6812,9
6813,6813,9
6814,6814,9
6815,6815,9
6816,6816,9
6817,6817,9
6818,6818,9
6819,6819,9
6820,6820,9
6821,6821,9
6822,6822,9
6823,6823,9
6824,6824,9
6825,6825,9
6826,6826,9
6827,6827,9
6828,6828,9
6829,6829,9
6830,6830,9
6831,6831,9
6832,6832,9
6833,6833,9
6834,6834,9
6835,6835,9
6836,6836,9
6837,6837,9
6838,6838,9
6839,6839,9
6840,6840,9
6841,6841,9
6842,6842,9
6843,6843,9
6844,6844,9
6845,6845,9
6846,6846,9
6847,6847,9
6848,6848,9
6849,6849,9
6850,6850,9
6851,6851,9
6852,6852,9
6853,6853,9
6854,6854,9
6855,6855,9
6856,6856,9
6857,6857,9
6858,6858,9
6859,6859,9
6860,6860,9
6861,6861,9
6862,6862,9
6863,6863,9
6864,6864,9
6865,6865,9
6866,6866,9
6867,6867,9
6868,6868,9
6869,6869,9
6870,6870,9
6871,6871,9
6872,6872,9
6873,6873,9
6874,6874,9
6875,6875,9
6876,6876,9
6877,6877,9
6878,6878,9
6879,6879,9
6880,6880,9
6881,6881,9
6882,6882,9
6883,6883,9
6884,6884,9
6885,6885,9
6886,6886,9
6887,6887,9
6888,6888,9
6889,6889,9
6890,6890,9
6891,6891,9
6892,6892,9
6893,6893,9
6894,6894,9
6895,6895,9
6896,6896,9
6897,6897,9
6898,6898,9
6899,6899,9
6900,6900,9
6901,6901,9
6902,6902,9
6903,6903,9
6904,6904,9
6905,6905,9
6906,6906,9
6907,6907,9
6908,6908,9
6909,6909,9
6910,6910,9
6911,6911,9
6912,6912,9
6913,6913,9
6914,6914,9
6915,6915,9
6916,6916,9
6917,6917,9
6918,6918,9
6919,6919,9
6920,6920,9
6921,6921,9
6922,6922,9
6923,6923,9
6924,6924,9
6925,6925,9
6926,6926,9
6927,6927,9
6928,6928,9
6929,6929,9
6930,6930,9
6931,6931,9
6932,6932,9
6933,6933,9
6934,6934,9
6935,6935,9
6936,6936,9
6937,6937,9
6938,6938,9
6939,6939,9
6940,6940,9
6941,6941,9
6942,6942,9
6943,6943,9
6944,6944,9
6945,6945,9
6946,6946,9
6947,6947,9
6948,6948,9
6949,6949,9
6950,6950,9
6951,6951,9
6952,6952,9
6953,6953,9
6954,6954,9
6955,6955,9
6956,6956,9
6957,6957,9
6958,6958,9
6959,6959,9
6960,6960,9
6961,6961,9
6962,6962,9
6963,6963,9
6964,6964,9
6965,6965,9
6966,6966,9
6967,6967,9
6968,6968,9
6969,6969,9
6970,6970,9
6971,6971,9
6972,6972,9
6973,6973,9
6974,6974,9
6975,6975,9
6976,6976,9
6977,6977,9
6978,6978,9
6979,6979,9
6980,6980,9
6981,6981,9
6982,6982,9
6983,6983,9
6984,6984,9
6985,6985,9
6986,6986,9
6987,6987,9
6988,6988,9
6989,6989,9
6990,6990,9
6991,6991,9
6992,6992,9
6993,6993,9
6994,6994,9
6995,6995,9
6996,6996,9
6997,6997,9
6998,6998,9
6999,6999,9
7000,7000,9
7001,7001,9
7002,7002,9
7003,7003,9
7004,7004,9
7005,7005,9
7006,7006,9
7007,7007,9
7008,7008,9
7009,7009,9
7010,7010,9
7011,7011,9
7012,7012,9
7013,7013,9
7014,7014,9
7015,7015,17
7016,7016,17
7017,7017,17
7018,7018,17
7019,7019,17
7020,7020,17
7021,7021,17
7022,7022,17
7023,7023,17
7024,7024,17
7025,7025,17
7026,7026,17
7027,7027,17
7028,7028,17
7029,7029,17
7030,7030,17
7031,7031,17
7032,7032,17
7033,7033,17
7034,7034,17
7035,7035,17
7036,7036,17
7037,7037,17
7038,7038,17
7039,7039,17
7040,7040,17
7041,7041,17
7042,7042,17
7043,7043,17
7044,7044,17
7045,7045,17
7046,7046,17
7047,7047,17
7048,7048,17
7049,7049,17
7050,7050,17
7051,7051,17
7052,7052,17
7053,7053,17
7054,7054,17
7055,7055,17
7056,7056,17
7057,7057,17
7058,7058,17
7059,7059,17
7060,7060,17
7061,7061,17
7062,7062,17
7063,7063,17
7064,7064,17
7065,7065,17
7066,7066,17
7067,7067,17
7068,7068,17
7069,7069,17
7070,7070,17
7071,7071,17
7072,7072,17
7073,7073,17
7074,7074,17
7075,7075,17
7076,7076,17
7077,7077,17
7078,7078,17
7079,7079,17
7080,7080,17
7081,7081,17
7082,7082,17
7083,7083,17
7084,7084,17
7085,7085,17
7086,7086,17
7087,7087,17
7088,7088,17
7089,7089,17
7090,7090,17
7091,7091,17
7092,7092,17
7093,7093,17
7094,7094,17
7095,7095,17
7096,7096,17
7097,7097,17
7098,7098,17
7099,7099,17
7100,7100,17
7101,7101,17
7102,7102,17
7103,7103,17
7104,7104,17
7105,7105,17
7106,7106,17
7107,7107,17
7108,7108,17
7109,7109,17
7110,7110,17
7111,7111,17
7112,7112,17
7113,7113,17
7114,7114,17
7115,7115,17
7116,7116,17
7117,7117,17
7118,7118,17
7119,7119,17
7120,7120,17
7121,7121,17
7122,7122,17
7123,7123,17
7124,7124,17
7125,7125,17
7126,7126,17
7127,7127,17
7128,7128,17
7129,7129,17
7130,7130,17
7131,7131,17
7132,7132,17
7133,7133,17
7134,7134,17
7135,7135,17
7136,7136,17
7137,7137,17
7138,7138,17
7139,7139,17
7140,7140,17
7141,7141,17
7142,7142,17
7143,7143,17
7144,7144,17
7145,7145,17
7146,7146,17
7147,7147,17
7148,7148,17
7149,7149,17
7150,7150,17
7151,7151,17
7152,7152,17
7153,7153,17
7154,7154,17
7155,7155,17
7156,7156,17
7157,7157,17
7158,7158,17
7159,7159,17
7160,7160,17
7161,7161,17
7162,7162,17
7163,7163,17
7164,7164,17
7165,7165,17
7166,7166,17
7167,7167,17
7168,7168,17
7169,7169,17
7170,7170,17
7171,7171,17
7172,7172,17
7173,7173,17
7174,7174,17
7175,7175,17
7176,7176,17
7177,7177,17
7178,7178,17
7179,7179,17
7180,7180,17
7181,7181,17
7182,7182,17
7183,7183,17
7184,7184,17
7185,7185,17
7186,7186,17
7187,7187,17
7188,7188,17
7189,7189,17
7190,7190,17
7191,7191,17
7192,7192,17
7193,7193,17
7194,7194,17
7195,7195,17
7196,7196,17
7197,7197,17
7198,7198,17
7199,7199,17
7200,7200,17
7201,7201,17
7202,7202,17
7203,7203,17
7204,7204,17
7205,7205,17
7206,7206,17
7207,7207,17
7208,7208,17
7209,7209,17
7210,7210,17
7211,7211,17
7212,7212,17
7213,7213,17
7214,7214,17
7215,7215,17
7216,7216,17
7217,7217,17
7218,7218,17
7219,7219,17
7220,7220,17
7221,7221,17
7222,7222,17
7223,7223,17
7224,7224,17
7225,7225,17
7226,7226,17
7227,7227,17
7228,7228,17
7229,7229,17
7230,7230,17
7231,7231,17
7232,7232,17
7233,7233,17
7234,7234,17
7235,7235,17
7236,7236,17
7237,7237,17
7238,7238,17
7239,7239,17
7240,7240,17
7241,7241,17
7242,7242,17
7243,7243,17
7244,7244,17
7245,7245,17
7246,7246,17
7247,7247,17
7248,7248,17
7249,7249,17
7250,7250,17
7251,7251,17
7252,7252,17
7253,7253,17
7254,7254,17
7255,7255,17
7256,7256,17
7257,7257,17
7258,7258,17
7259,7259,17
7260,7260,17
7261,7261,17
7262,7262,17
7263,7263,17
7264,7264,17
7265,7265,17
7266,7266,17
7267,7267,17
7268,7268,17
7269,7269,17
7270,7270,17
7271,7271,10
7272,7272,10
7273,7273,10
7274,7274,10
7275,7275,10
7276,7276,10
7277,7277,10
7278,7278,10
7279,7279,10
7280,7280,10
7281,7281,10
7282,7282,10
7283,7283,10
7284,7284,10
7285,7285,10
7286,7286,10
7287,7287,10
7288,7288,10
7289,7289,10
7290,7290,10
7291,7291,10
7292,7292,10
7293,7293,10
7294,7294,10
7295,7295,10
7296,7296,10
7297,7297,10
7298,7298,10
7299,7299,10
7300,7300,10
7301,7301,10
7302,7302,10
7303,7303,10
7304,7304,10
7305,7305,10
7306,7306,10
7307,7307,10
7308,7308,10
7309,7309,10
7310,7310,10
7311,7311,10
7312,7312,10
7313,7313,10
7314,7314,10
7315,7315,10
7316,7316,10
7317,7317,10
7318,7318,10
7319,7319,10
7320,7320,10
7321,7321,10
7322,7322,10
7323,7323,10
7324,7324,10
7325,7325,10
7326,7326,10
7327,7327,10
7328,7328,10
7329,7329,10
7330,7330,10
7331,7331,10
7332,7332,10
7333,7333,10
7334,7334,10
7335,7335,10
7336,7336,10
7337,7337,10
7338,7338,10
7339,7339,10
7340,7340,10
7341,7341,10
7342,7342,10
7343,7343,10
7344,7344,10
7345,7345,10
7346,7346,10
7347,7347,10
7348,7348,10
7349,7349,10
7350,7350,10
7351,7351,10
7352,7352,10
7353,7353,10
7354,7354,10
7355,7355,10
7356,7356,10
7357,7357,10
7358,7358,10
7359,7359,10
7360,7360,10
7361,7361,10
7362,7362,10
7363,7363,10
7364,7364,10
7365,7365,10
7366,7366,10
7367,7367,10
7368,7368,10
7369,7369,10
7370,7370,10
7371,7371,10
7372,7372,10
7373,7373,10
7374,7374,10
7375,7375,10
7376,7376,10
7377,7377,10
7378,7378,10
7379,7379,10
7380,7380,10
7381,7381,10
7382,7382,10
7383,7383,10
7384,7384,10
7385,7385,10
7386,7386,10
7387,7387,10
7388,7388,10
7389,7389,10
7390,7390,10
7391,7391,10
7392,7392,10
7393,7393,10
7394,7394,10
7395,7395,10
7396,7396,10
7397,7397,10
7398,7398,10
7399,7399,10
7400,7400,10
7401,7401,10
7402,7402,10
7403,7403,10
7404,7404,10
7405,7405,10
7406,7406,10
7407,7407,10
7408,7408,10
7409,7409,10
7410,7410,10
7411,7411,10
7412,7412,10
7413,7413,10
7414,7414,10
7415,7415,10
7416,7416,10
7417,7417,10
7418,7418,10
7419,7419,10
7420,7420,10
7421,7421,10
7422,7422,10
7423,7423,10
7424,7424,10
7425,7425,10
7426,7426,10
7427,7427,10
7428,7428,10
7429,7429,10
7430,7430,10
7431,7431,10
7432,7432,10
7433,7433,10
7434,7434,10
7435,7435,10
7436,7436,10
7437,7437,10
7438,7438,10
7439,7439,10
7440,7440,10
7441,7441,10
7442,7442,10
7443,7443,10
7444,7444,10
7445,7445,10
7446,7446,10
7447,7447,10
7448,7448,10
7449,7449,10
7450,7450,10
7451,7451,10
7452,7452,10
7453,7453,10
7454,7454,10
7455,7455,10
7456,7456,10
7457,7457,10
7458,7458,10
7459,7459,10
7460,7460,10
7461,7461,10
7462,7462,10
7463,7463,10
7464,7464,10
7465,7465,10
7466,7466,10
7467,7467,10
7468,7468,10
7469,7469,10
7470,7470,10
7471,7471,10
7472,7472,10
7473,7473,10
7474,7474,10
7475,7475,10
7476,7476,10
7477,7477,10
7478,7478,10
7479,7479,10
7480,7480,10
7481,7481,10
7482,7482,10
7483,7483,10
7484,7484,10
7485,7485,10
7486,7486,10
7487,7487,10
7488,7488,10
7489,7489,10
7490,7490,10
7491,7491,10
7492,7492,10
7493,7493,10
7494,7494,10
7495,7495,10
7496,7496,10
7497,7497,10
7498,7498,10
7499,7499,10
7500,7500,10
7501,7501,10
7502,7502,10
7503,7503,10
7504,7504,10
7505,7505,10
7506,7506,10
7507,7507,10
7508,7508,10
7509,7509,10
7510,7510,10
7511,7511,10
7512,7512,10
7513,7513,10
7514,7514,10
7515,7515,10
7516,7516,10
7517,7517,10
7518,7518,10
7519,7519,10
7520,7520,10
7521,7521,10
7522,7522,10
7523,7523,10
7524,7524,10
7525,7525,10
7526,7526,10
7527,7527,16
7528,7528,16
7529,7529,16
7530,7530,16
7531,7531,16
7532,7532,16
7533,7533,16
7534,7534,16
7535,7535,16
7536,7536,16
7537,7537,16
7538,7538,16
7539,7539,16
7540,7540,16
7541,7541,16
7542,7542,16
7543,7543,16
7544,7544,16
7545,7545,16
7546,7546,16
7547,7547,16
7548,7548,16
7549,7549,16
7550,7550,16
7551,7551,16
7552,7552,16
7553,7553,16
7554,7554,16
7555,7555,16
7556,7556,16
7557,7557,16
7558,7558,16
7559,7559,16
7560,7560,16
7561,7561,16
7562,7562,16
7563,7563,16
7564,7564,16
7565,7565,16
7566,7566,16
7567,7567,16
7568,7568,16
7569,7569,16
7570,7570,16
7571,7571,16
7572,7572,16
7573,7573,16
7574,7574,16
7575,7575,16
7576,7576,16
7577,7577,16
7578,7578,16
7579,7579,16
7580,7580,16
7581,7581,16
7582,7582,16
7583,7583,16
7584,7584,16
7585,7585,16
7586,7586,16
7587,7587,16
7588,7588,16
7589,7589,16
7590,7590,16
7591,7591,16
7592,7592,16
7593,7593,16
7594,7594,16
7595,7595,16
7596,7596,16
7597,7597,16
7598,7598,16
7599,7599,16
7600,7600,16
7601,7601,16
7602,7602,16
7603,7603,16
7604,7604,16
7605,7605,16
7606,7606,16
7607,7607,16
7608,7608,16
7609,7609,16
7610,7610,16
7611,7611,16
7612,7612,16
7613,7613,16
7614,7614,16
7615,7615,16
7616,7616,16
7617,7617,16
7618,7618,16
7619,7619,16
7620,7620,16
7621,7621,16
7622,7622,16
7623,7623,16
7624,7624,16
7625,7625,16
7626,7626,16
7627,7627,16
7628,7628,16
7629,7629,16
7630,7630,16
7631,7631,16
7632,7632,16
7633,7633,16
7634,7634,16
7635,7635,16
7636,7636,16
7637,7637,16
7638,7638,16
7639,7639,16
7640,7640,16
7641,7641,16
7642,7642,16
7643,7643,16
7644,7644,16
7645,7645,16
7646,7646,16
7647,7647,16
7648,7648,16
7649,7649,16
7650,7650,16
7651,7651,16
7652,7652,16
7653,7653,16
7654,7654,16
7655,7655,16
7656,7656,16
7657,7657,16
7658,7658,16
7659,7659,16
7660,7660,16
7661,7661,16
7662,7662,16
7663,7663,16
7664,7664,16
7665,7665,16
7666,7666,16
7667,7667,16
7668,7668,16
7669,7669,16
7670,7670,16
7671,7671,16
7672,7672,16
7673,7673,16
7674,7674,16
7675,7675,16
7676,7676,16
7677,7677,16
7678,7678,16
7679,7679,16
7680,7680,16
7681,7681,16
7682,7682,16
7683,7683,16
7684,7684,16
7685,7685,16
7686,7686,16
7687,7687,16
7688,7688,16
7689,7689,16
7690,7690,16
7691,7691,16
7692,7692,16
7693,7693,16
7694,7694,16
7695,7695,16
7696,7696,16
7697,7697,16
7698,7698,16
7699,7699,16
7700,7700,16
7701,7701,16
7702,7702,16
7703,7703,16
7704,7704,16
7705,7705,16
7706,7706,16
7707,7707,16
7708,7708,16
7709,7709,16
7710,7710,16
7711,7711,16
7712,7712,16
7713,7713,16
7714,7714,16
7715,7715,16
7716,7716,16
7717,7717,16
7718,7718,16
7719,7719,16
7720,7720,16
7721,7721,16
7722,7722,16
7723,7723,16
7724,7724,16
7725,7725,16
7726,7726,16
7727,7727,16
7728,7728,16
7729,7729,16
7730,7730,16
7731,7731,16
7732,7732,16
7733,7733,16
7734,7734,16
7735,7735,16
7736,7736,16
7737,7737,16
7738,7738,16
7739,7739,16
7740,7740,16
7741,7741,16
7742,7742,16
7743,7743,16
7744,7744,16
7745,7745,16
7746,7746,16
7747,7747,16
7748,7748,16
7749,7749,16
7750,7750,16
7751,7751,16
7752,7752,16
7753,7753,16
7754,7754,16
7755,7755,16
7756,7756,16
7757,7757,16
7758,7758,16
7759,7759,16
7760,7760,16
7761,7761,16
7762,7762,16
7763,7763,16
7764,7764,16
7765,7765,16
7766,7766,16
7767,7767,16
7768,7768,16
7769,7769,16
7770,7770,16
7771,7771,16
7772,7772,16
7773,7773,16
7774,7774,16
7775,7775,16
7776,7776,16
7777,7777,16
7778,7778,16
7779,7779,16
7780,7780,16
7781,7781,16
7782,7782,16
7783,7783,4
7784,7784,4
7785,7785,4
7786,7786,4
7787,7787,4
7788,7788,4
7789,7789,4
7790,7790,4
7791,7791,4
7792,7792,4
7793,7793,4
7794,7794,4
7795,7795,4
7796,7796,4
7797,7797,4
7798,7798,4
7799,7799,4
7800,7800,4
7801,7801,4
7802,7802,4
7803,7803,4
7804,7804,4
7805,7805,4
7806,7806,4
7807,7807,4
7808,7808,4
7809,7809,4
7810,7810,4
7811,7811,4
7812,7812,4
7813,7813,4
7814,7814,4
7815,7815,4
7816,7816,4
7817,7817,4
7818,7818,4
7819,7819,4
7820,7820,4
7821,7821,4
7822,7822,4
7823,7823,4
7824,7824,4
7825,7825,4
7826,7826,4
7827,7827,4
7828,7828,4
7829,7829,4
7830,7830,4
7831,7831,4
7832,7832,4
7833,7833,4
7834,7834,4
7835,7835,4
7836,7836,4
7837,7837,4
7838,7838,4
7839,7839,4
7840,7840,4
7841,7841,4
7842,7842,4
7843,7843,4
7844,7844,4
7845,7845,4
7846,7846,4
7847,7847,4
7848,7848,4
7849,7849,4
7850,7850,4
7851,7851,4
7852,7852,4
7853,7853,4
7854,7854,4
7855,7855,4
7856,7856,4
7857,7857,4
7858,7858,4
7859,7859,4
7860,7860,4
7861,7861,4
7862,7862,4
7863,7863,4
7864,7864,4
7865,7865,4
7866,7866,4
7867,7867,4
7868,7868,4
7869,7869,4
7870,7870,4
7871,7871,4
7872,7872,4
7873,7873,4
7874,7874,4
7875,7875,4
7876,7876,4
7877,7877,4
7878,7878,4
7879,7879,4
7880,7880,4
7881,7881,4
7882,7882,4
7883,7883,4
7884,7884,4
7885,7885,4
7886,7886,4
7887,7887,4
7888,7888,4
7889,7889,4
7890,7890,4
7891,7891,4
7892,7892,4
7893,7893,4
7894,7894,4
7895,7895,4
7896,7896,4
7897,7897,4
7898,7898,4
7899,7899,4
7900,7900,4
7901,7901,4
7902,7902,4
7903,7903,4
7904,7904,4
7905,7905,4
7906,7906,4
7907,7907,4
7908,7908,4
7909,7909,4
7910,7910,4
7911,7911,4
7912,7912,4
7913,7913,4
7914,7914,4
7915,7915,4
7916,7916,4
7917,7917,4
7918,7918,4
7919,7919,4
7920,7920,4
7921,7921,4
7922,7922,4
7923,7923,4
7924,7924,4
7925,7925,4
7926,7926,4
7927,7927,4
7928,7928,4
7929,7929,4
7930,7930,4
7931,7931,4
7932,7932,4
7933,7933,4
7934,7934,4
7935,7935,4
7936,7936,4
7937,7937,4
7938,7938,4
7939,7939,4
7940,7940,4
7941,7941,4
7942,7942,4
7943,7943,4
7944,7944,4
7945,7945,4
7946,7946,4
7947,7947,4
7948,7948,4
7949,7949,4
7950,7950,4
7951,7951,4
7952,7952,4
7953,7953,4
7954,7954,4
7955,7955,4
7956,7956,4
7957,7957,4
7958,7958,4
7959,7959,4
7960,7960,4
7961,7961,4
7962,7962,4
7963,7963,4
7964,7964,4
7965,7965,4
7966,7966,4
7967,7967,4
7968,7968,4
7969,7969,4
7970,7970,4
7971,7971,4
7972,7972,4
7973,7973,4
7974,7974,4
7975,7975,4
7976,7976,4
7977,7977,4
7978,7978,4
7979,7979,4
7980,7980,4
7981,7981,4
7982,7982,4
7983,7983,4
7984,7984,4
7985,7985,4
7986,7986,4
7987,7987,4
7988,7988,4
7989,7989,4
7990,7990,4
7991,7991,4
7992,7992,4
7993,7993,4
7994,7994,4
7995,7995,4
7996,7996,4
7997,7997,4
7998,7998,4
7999,7999,4
8000,8000,4
8001,8001,4
8002,8002,4
8003,8003,4
8004,8004,4
8005,8005,4
8006,8006,4
8007,8007,4
8008,8008,4
8009,8009,4
8010,8010,4
8011,8011,4
8012,8012,4
8013,8013,4
8014,8014,4
8015,8015,4
8016,8016,4
8017,8017,4
8018,8018,4
8019,8019,4
8020,8020,4
8021,8021,4
8022,8022,4
8023,8023,4
8024,8024,4
8025,8025,4
8026,8026,4
8027,8027,4
8028,8028,4
8029,8029,4
8030,8030,4
8031,8031,4
8032,8032,4
8033,8033,4
8034,8034,4
8035,8035,4
8036,8036,4
8037,8037,4
8038,8038,4
8039,8039,15
8040,8040,15
8041,8041,15
8042,8042,15
8043,8043,15
8044,8044,15
8045,8045,15
8046,8046,15
8047,8047,15
8048,8048,15
8049,8049,15
8050,8050,15
8051,8051,15
8052,8052,15
8053,8053,15
8054,8054,15
8055,8055,15
8056,8056,15
8057,8057,15
8058,8058,15
8059,8059,15
8060,8060,15
8061,8061,15
8062,8062,15
8063,8063,15
8064,8064,15
8065,8065,15
8066,8066,15
8067,8067,15
8068,8068,15
8069,8069,15
8070,8070,15
8071,8071,15
8072,8072,15
8073,8073,15
8074,8074,15
8075,8075,15
8076,8076,15
8077,8077,15
8078,8078,15
8079,8079,15
8080,8080,15
8081,8081,15
8082,8082,15
8083,8083,15
8084,8084,15
8085,8085,15
8086,8086,15
8087,8087,15
8088,8088,15
8089,8089,15
8090,8090,15
8091,8091,15
8092,8092,15
8093,8093,15
8094,8094,15
8095,8095,15
8096,8096,15
8097,8097,15
8098,8098,15
8099,8099,15
8100,8100,15
8101,8101,15
8102,8102,15
8103,8103,15
8104,8104,15
8105,8105,15
8106,8106,15
8107,8107,15
8108,8108,15
8109,8109,15
8110,8110,15
8111,8111,15
8112,8112,15
8113,8113,15
8114,8114,15
8115,8115,15
8116,8116,15
8117,8117,15
8118,8118,15
8119,8119,15
8120,8120,15
8121,8121,15
8122,8122,15
8123,8123,15
8124,8124,15
8125,8125,15
8126,8126,15
